tree
version=v4
num_class=1
num_tree_per_iteration=1
label_index=0
max_feature_idx=17
objective=lambdarank
feature_names=momentum_1d momentum_3d momentum_5d momentum_10d momentum_20d volatility_5d volatility_20d drawdown_20d volume_change_5d amount_change_5d rank_pct_5d rank_pct_20d rank_momentum_5d market_return_1d market_return_5d market_breadth_1d market_dispersion_1d market_volatility_20d
feature_infos=[-0.10813718513007242:0.12229216739576731] [-0.18234825421959322:0.27465397817296533] [-0.25743860440229616:0.28092117351019485] [-0.27022648853672249:0.40351170424303073] [-0.28062547585271636:0.58906651566951895] [0.0012453562741035964:0.088373331352552278] [0.0039238631080082331:0.060188323905258592] [0.0043877162311911633:0.28987731592235633] [-0.70556637982934856:5.1127031970119425] [-0.70850366100994711:4.4775219112457263] [0:1] [0:1] [-1:0.97752808988764039] [-0.049585464134470299:0.036012358476607553] [-0.10116671736988472:0.054726216916397064] [0.022222222222222223:0.98888888888888893] [0.0079151013248990945:0.029086357152055337] [0.0039238631080082331:0.060188323905258592]
tree_sizes=1754 1740 1735 1748 1745 1753 1740 1738 1752 1744 1740 1742 1740 1751 1753 1748 1743 1742 1736 1748 1748 1737 1741 1736 1737 1739 1748 1734 1734 1772 1752 1740 1766 1761 1762 1740 1742 1770 1732 1729

Tree=0
num_leaves=15
num_cat=0
split_feature=11 7 3 6 14 11 5 7 6 8 10 16 14 4
split_gain=22.13 5.76484 3.69143 3.25643 2.98414 2.81393 2.80144 2.53044 2.38192 1.73605 1.66851 1.55371 1.34745 1.48187
threshold=0.76966292134831471 0.066272481937293917 0.02204332624525818 0.01795951711192775 -0.043531449693776002 0.26404494382022475 0.015711013352119722 0.055319768755990768 0.018085479063104159 0.68009578053867403 0.23033707865168543 0.01075488178717931 0.013257522763930864 0.010877816846936674
decision_type=2 2 2 2 2 2 2 2 2 2 2 2 2 2
left_child=1 5 3 -2 -4 -1 8 12 -3 10 -6 -5 13 -7
right_child=2 6 4 11 9 7 -8 -9 -10 -11 -12 -13 -14 -15
leaf_value=-0.04498062473094197 -0.019158567474573673 -0.0035706925525507438 -0.031218903867239481 -0.011791955197161683 -0.0051497945684693368 0.0029351613510523525 0.0052484907473494798 -0.034076514323705689 -0.027809033186894195 0.0014362026186791215 0.048076586083538604 0.028755893506764291 0.0051286652394156706 -0.027436069653810985
leaf_weight=10.854793191421775 5.6174835921265212 31.66358625004068 0.77575071016326802 2.2523539797402909 1.3644325947389067 6.0519755198620322 52.6470892210491 12.645001898985354 14.163870834279804 2.5257748565636566 25.649705506395549 13.464201553724704 11.878869786392896 9.9803317091427726
leaf_count=598 330 1772 40 121 70 262 2219 546 641 117 946 539 579 490
internal_value=3.06241e-10 -0.00973901 0.0279104 0.0112294 0.0389159 -0.0231386 -0.00258114 -0.0163509 -0.0114959 0.0417196 0.0453004 0.0225872 -0.00741952 -0.0164721
internal_weight=201.535 149.886 51.6497 21.334 30.3157 51.411 98.4745 40.5562 45.8275 29.5399 27.0141 15.7166 27.9112 16.0323
internal_count=9270 7107 2163 990 1173 2475 4632 1877 2413 1133 1016 660 1331 752
is_linear=0
shrinkage=0.05


Tree=1
num_leaves=15
num_cat=0
split_feature=6 11 11 7 11 5 5 8 11 6 10 6 7 7
split_gain=67.8109 25.4218 13.1405 10.885 11.1285 8.51361 7.2933 5.29377 8.39679 5.47757 8.33204 7.12904 5.55911 5.35251
threshold=0.017817768502999289 0.75842696629213491 0.94943820224719111 0.049942202885870431 0.96067415730337091 0.016545911580750378 0.015017599558670451 0.41918664732613414 0.93820224719101131 0.025614282555239589 0.30898876404494385 0.02107577072921971 0.083797876578534672 0.077191247804854882
decision_type=2 2 2 2 2 2 2 2 2 2 2 2 2 2
left_child=2 5 6 4 -3 -2 -1 9 -9 11 -11 13 -12 -5
right_child=1 3 -4 7 -6 -7 -8 8 -10 10 12 -13 -14 -15
leaf_value=-0.034044428679799711 -0.032715367078377064 0.013687964257986046 0.040037428171037469 0.044314823638681472 0.064459052728497127 0.0023851471922974057 -0.010976973567102576 0.019183240362752658 -0.048275205951311684 -0.0099627190646162725 0.014467046140665202 -0.00092852396616963789 0.055349483695801241 -0.0020590359969066027
leaf_weight=117.65314528066665 21.16584459412843 17.545984307304025 6.7200999753549686 20.834928298369054 30.056914164684713 77.778745409101248 49.973542022518814 11.221609107218685 6.433685900643467 8.3183415662497264 12.674605953507124 40.018290181644261 29.371598268859088 8.5819394597783667
leaf_count=3892 962 144 64 153 128 1544 1246 123 77 128 92 424 180 113
internal_value=2.63909e-10 0.0150522 -0.0244654 0.0259445 0.046412 -0.00537563 -0.0272733 0.0185723 -0.00666903 0.0223166 0.034772 0.0129168 0.0436481 0.031163
internal_weight=458.349 284.002 174.347 185.058 47.6029 98.9446 167.627 137.455 17.6553 119.8 50.3645 69.4352 42.0462 29.4169
internal_count=9270 4068 5202 1562 272 2506 5138 1290 200 1090 400 690 272 266
is_linear=0
shrinkage=0.05


Tree=2
num_leaves=15
num_cat=0
split_feature=11 5 4 5 7 9 3 14 11 15 10 15 3 3
split_gain=79.7849 25.7288 10.2569 7.89241 6.23277 5.76639 7.60152 6.95459 5.50013 4.51724 4.31661 3.85329 3.75022 4.13836
threshold=0.76966292134831471 0.015090917995118362 0.16706649897786965 0.017228701740306458 0.14570192579227773 0.2215229431794549 0.17060225697883682 -0.035833375522273836 0.89325842696629221 0.16111111111111112 0.039325842696629219 0.90555555555555567 -0.048171088577467595 -0.076049510127061834
decision_type=2 2 2 2 2 2 2 2 2 2 2 2 2 2
left_child=1 -1 3 -2 8 7 11 -4 -5 -10 -11 -7 13 -3
right_child=2 12 5 4 -6 6 -8 -9 9 10 -12 -13 -14 -15
leaf_value=-0.038924098346861981 0.0032201391458450872 -0.0098444487609892009 -0.023790371080467675 0.013936520923903392 -0.036815199283276312 0.04343412006216061 -0.051129224472577388 0.062620730250398535 0.0081777769593288623 -0.03268191567197367 0.050392521947697826 -0.038819460436555854 -0.012972226029858742 0.016983112766474222
leaf_weight=101.27690463047475 61.759609374217689 25.700145761482418 2.0214977562427547 36.501053584739566 2.9132811035960904 9.5682853125035727 2.4673243276774874 28.407420312985778 9.5052005546167475 0.97895939648151298 37.82162701850757 0.85733387200161892 62.588499474339187 30.282956254668534
leaf_count=4334 941 578 16 479 39 58 22 149 100 18 334 7 1545 650
internal_value=-2.64762e-10 -0.0205457 0.0234131 0.0170004 0.0265568 0.0446568 0.0150898 0.0563058 0.0291374 0.0401079 0.047528 0.0338646 -0.0046537 0.00471076
internal_weight=412.65 219.849 192.802 149.48 87.7201 43.3219 12.8929 30.4289 84.8068 48.3058 38.8006 10.4256 118.572 55.9831
internal_count=9270 7107 2163 1911 970 252 87 165 931 452 352 65 2773 1228
is_linear=0
shrinkage=0.05


Tree=3
num_leaves=15
num_cat=0
split_feature=11 5 4 15 5 6 3 5 12 2 7 8 16 15
split_gain=72.6176 23.4077 16.7212 6.91315 7.62243 4.80186 4.77934 4.66956 4.18056 4.92651 3.88025 4.71769 3.55694 3.36834
threshold=0.78089887640449451 0.015090917995118362 0.16706649897786965 0.9833333333333335 0.017228701740306458 0.027425769178128345 -0.048171088577467595 0.046177153296566818 1.0000000180025095e-35 -0.019082322983991536 0.097465840674084273 0.034928769710399717 0.012974737472042147 0.90555555555555567
decision_type=2 2 2 2 2 2 2 2 2 2 2 2 2 2
left_child=1 -1 3 4 -2 10 13 -7 9 -4 11 -6 -12 -3
right_child=2 6 8 -5 5 7 -8 -9 -10 -11 12 -13 -14 -15
leaf_value=-0.038920504249348876 0.00079093938886627994 -0.0010514378855691539 -0.0038247917087742816 -0.058365546887166608 0.036355714772185369 0.048344318549005338 -0.015400983801875483 -0.042365176560914569 0.0099772730269871521 0.061353056435480662 0.015608786147277693 0.0060254879166238701 -0.037740455415168767 0.028582702205360907
leaf_weight=92.501203655265272 52.797891343012452 46.261654354631901 3.0395723581314078 2.2526078540831795 27.896635860204697 22.86855182424188 55.057171947322786 0.76436702534556289 6.2383984876796594 33.710324504412711 5.894672825932501 23.892192292027175 4.8128406554460526 11.074909654445944
leaf_count=4384 874 996 34 39 298 182 1583 13 47 171 70 269 63 247
internal_value=4.54607e-10 -0.0204328 0.0227199 0.014212 0.0157975 0.0248819 -0.00500817 0.0438097 0.0497031 0.0560037 0.0171472 0.0227424 -0.00954616 0.00506442
internal_weight=389.063 204.895 184.168 141.18 138.927 86.1293 112.394 23.6329 42.9883 36.7499 62.4963 51.7888 10.7075 57.3366
internal_count=9270 7210 2060 1808 1769 895 2826 195 252 205 700 567 133 1243
is_linear=0
shrinkage=0.05


Tree=4
num_leaves=15
num_cat=0
split_feature=11 5 4 6 12 9 4 12 5 14 9 3 7 3
split_gain=58.1963 17.3472 10.0614 6.51581 7.27205 6.56083 4.18761 5.60397 3.95666 3.94322 3.94772 3.93378 3.63568 3.37158
threshold=0.79213483146067432 0.015090917995118362 0.16706649897786965 0.025614282555239589 -0.48876404494382014 0.68635594968734559 0.049612904056594138 -0.2078651685393258 0.015711013352119722 -0.035833375522273836 0.49126719156595361 -0.048171088577467595 0.066757675632158744 -0.076049510127061834
decision_type=2 2 2 2 2 2 2 2 2 2 2 2 2 2
left_child=1 -1 3 6 -5 -6 8 -8 -2 -4 -11 13 -9 -3
right_child=2 11 9 4 5 -7 7 12 -10 10 -12 -13 -14 -15
leaf_value=-0.034773518082775061 -0.028102067928533772 -0.012274608508430273 -0.017463884801267985 -0.015061673925441563 0.045812396451671386 -0.022239334196791749 0.037044639878511705 -0.0065352315002172026 0.0053620927571740567 0.050492516435760505 -0.0075168337150096857 -0.014833625920142238 0.030336103925376001 0.012456671341399578
leaf_weight=88.147653720807284 12.495313636027275 20.328484389930964 2.1005687955766907 6.936172477900981 32.410587101243436 3.3657126594334832 18.16936095058918 25.160909187979996 24.856719962321222 36.233870543539524 2.9224497657269231 53.429352361243218 7.992332004941999 38.129105606116354
leaf_count=4431 268 589 23 105 228 46 212 384 365 195 34 1632 97 661
internal_value=9.13777e-11 -0.018314 0.0212028 0.0142411 0.03006 0.0389797 0.00637133 0.0155181 -0.00627346 0.0425114 0.0460836 -0.00515352 0.00298141 0.00379463
internal_weight=372.679 200.035 172.644 131.387 42.7125 35.7763 88.6746 51.3226 37.352 41.2569 39.1563 111.887 33.1532 58.4576
internal_count=9270 7313 1957 1705 379 274 1326 693 633 252 229 2882 481 1250
is_linear=0
shrinkage=0.05


Tree=5
num_leaves=15
num_cat=0
split_feature=11 5 4 6 7 4 12 3 10 2 14 3 4 6
split_gain=55.148 16.2398 8.74224 5.04688 5.16375 4.20771 4.82074 3.45411 3.18797 2.94488 2.92325 2.89639 3.94117 3.46157
threshold=0.79213483146067432 0.015090917995118362 0.16706649897786965 0.025614282555239589 0.15392114634640039 0.063794651734372945 -0.24157303370786509 -0.048171088577467595 0.29775280898876411 0.041688694334543371 -0.035833375522273836 -0.076049510127061834 -0.09960312871720188 0.018452186990712421
decision_type=2 2 2 2 2 2 2 2 2 2 2 2 2 2
left_child=1 -1 3 5 8 -2 -7 11 -5 -9 -4 12 -3 -13
right_child=2 7 10 4 -6 6 -8 9 -10 -11 -12 13 -14 -15
leaf_value=-0.034265192146883082 -0.0039116193666120487 0.0089849471213057051 -0.014927204258079328 -0.0068118101657777159 -0.045574079753304367 0.040499452443620472 0.005681720137914556 -0.020096354628759527 0.037169366494936934 0.0096269092062780809 0.044493036688772254 -0.0079963051113462417 -0.035173458642746486 0.021465489599022291
leaf_weight=84.650555121246725 41.521924302913249 9.6533373929560202 1.727623539045452 4.3252311535179606 1.3905485197901715 14.656878948211668 28.337956331670284 42.496069199871272 35.571989468298852 9.6684676529839617 37.599255055189133 15.371522614732383 8.9110179571434838 25.310310324653983
leaf_count=4431 746 308 23 79 29 148 432 1410 271 222 229 310 281 351
internal_value=1.34756e-10 -0.0178892 0.0212198 0.0145783 0.0287113 0.00741908 0.0182018 -0.00525253 0.0323514 -0.0145098 0.0415773 0.00300379 -0.0129258 0.0104087
internal_weight=361.193 196.061 165.131 125.805 41.2878 84.5168 42.9948 111.411 39.8972 52.1645 39.3269 59.2462 18.5644 40.6818
internal_count=9270 7313 1957 1705 379 1326 580 2882 350 1632 252 1250 589 661
is_linear=0
shrinkage=0.05


Tree=6
num_leaves=15
num_cat=0
split_feature=11 5 4 5 9 14 1 3 3 5 7 6 13 2
split_gain=44.9537 13.6126 7.93575 5.52217 5.64994 3.70689 4.34145 3.88943 2.9346 2.68089 4.86809 3.98828 3.20547 2.64107
threshold=0.79213483146067432 0.015090917995118362 0.16706649897786965 0.018971034358525953 0.87616959632502789 -0.043531449693776002 -0.060135989332393107 -0.081339420471999088 -0.048171088577467595 0.023707031038974934 0.047479250697007765 0.025253299408496736 0.014361166485571319 -0.017489284818133274
decision_type=2 2 2 2 2 2 2 2 2 2 2 2 2 2
left_child=1 -1 3 -2 5 7 -7 -5 -3 12 -11 -12 -4 -13
right_child=2 8 9 4 -6 6 -8 -9 -10 10 11 13 -14 -15
leaf_value=-0.031658022833324195 0.0010602739289052806 0.0027172185153036391 0.055990850487356747 0.039848479986475921 -0.030072103919681265 -0.035628331775910731 0.032361748638627445 -0.03657252225838821 -0.013692266984232319 -0.03896497615761612 -0.035734250532468065 -0.0045758735658592408 -0.033748927428960601 0.047452477715627238
leaf_weight=81.830341053195298 54.271417809650302 59.905780402943492 18.566448754630986 1.5822813510894773 3.9809047766029826 1.6551477257162321 56.212131232023239 3.8474023309536269 48.564903613645583 1.8786654062569166 1.2024506726302231 2.7199905961752018 0.41574665531515975 13.840437354519956
leaf_count=4431 952 1250 121 13 60 21 596 63 1632 14 12 28 4 73
internal_value=-8.0686e-11 -0.0163899 0.0194537 0.0129852 0.0224482 0.0261677 0.0298449 -0.0115685 -0.00468766 0.0389687 0.0240449 0.0324305 0.0524348 0.0391331
internal_weight=350.474 190.301 160.173 121.549 67.2779 63.297 57.8673 5.42968 108.471 38.6237 19.6415 17.7629 18.9822 16.5604
internal_count=9270 7313 1957 1705 753 693 617 76 2882 252 127 113 125 101
is_linear=0
shrinkage=0.05


Tree=7
num_leaves=15
num_cat=0
split_feature=11 5 4 5 9 3 14 3 4 10 3 11 15 14
split_gain=38.5605 12.0212 6.94236 4.62428 3.23665 3.99141 3.30647 2.97413 2.78001 2.49853 2.53319 2.68727 3.12898 3.14624
threshold=0.79213483146067432 0.015090917995118362 0.16706649897786965 0.017228701740306458 0.21261674774859121 0.17060225697883682 -0.035833375522273836 -0.048171088577467595 0.044910881750625971 0.039325842696629219 0.11998841507743919 0.89325842696629221 0.16111111111111112 -0.043531449693776002
decision_type=2 2 2 2 2 2 2 2 2 2 2 2 2 2
left_child=1 -1 3 8 6 -6 -4 -3 -2 -5 11 -11 -13 -14
right_child=2 7 4 9 5 -7 -8 -9 -10 10 -12 12 13 -15
leaf_value=-0.029943506820327145 -0.017737249713570998 0.0032658957306215919 -0.02580489885528809 -0.030510969461051307 0.025880252603264032 -0.0431551224802608 0.048660434387510471 -0.013476859023261867 0.0082840362845380804 0.010396415848262161 -0.016359008227559788 0.003136515911099925 -0.036737465229683325 0.039443180845785436
leaf_weight=79.773113742936403 15.140501716174183 58.412452889140695 0.97896551340818661 1.6079944679513563 8.0110801430419052 1.7640116959810264 26.716534115374088 47.126897322013974 27.20942123606801 28.754183625336736 3.6932360325008622 8.6464599696919304 0.65966877574100991 34.290351355448365
leaf_count=4431 340 1250 15 38 66 24 147 1632 476 403 39 89 24 296
internal_value=-9.54843e-12 -0.0154214 0.0181306 0.0120795 0.0366919 0.0105733 0.0452207 -0.00426664 -0.00121339 0.0192524 0.020687 0.0227753 0.0305237 0.0370234
internal_weight=342.785 185.312 157.472 120.002 37.4706 9.77509 27.6955 105.539 42.3499 77.6519 76.0439 72.3507 43.5965 34.95
internal_count=9270 7313 1957 1705 252 90 162 2882 816 889 851 812 409 320
is_linear=0
shrinkage=0.05


Tree=8
num_leaves=15
num_cat=0
split_feature=11 5 14 11 8 6 10 3 12 13 4 5 14 2
split_gain=32.059 11.4981 10.2078 5.19798 4.33729 4.49889 6.46313 3.80915 5.10689 2.73013 2.34713 2.34035 2.26398 2.20704
threshold=0.89325842696629221 0.01786779921613612 -0.043531449693776002 0.75842696629213491 0.37552273859979252 0.020581198599587916 0.21910112359550563 0.10581963769606585 -0.44382022471910104 0.021629966209206302 -0.017657132658285165 0.024704308823380417 -0.043531449693776002 -0.017885300122616795
decision_type=2 2 2 2 2 2 2 2 2 2 2 2 2 2
left_child=1 3 -2 12 5 7 -7 8 -4 -8 -5 -10 -1 -3
right_child=2 13 4 10 -6 6 9 -9 11 -11 -12 -13 -14 -15
leaf_value=0.0062411327383221802 -0.044826248583412436 0.0091434244180944729 0.036574850188497106 -0.03127309518710749 -0.00017999963852462504 -0.004477479132921524 0.045661908316386328 0.043147913333659887 -0.027996488032107705 -0.015002687579106392 0.0048337044477393468 0.029755422655174391 -0.026885317511311159 -0.0054008064379528296
leaf_weight=5.0866603660397223 4.3459505117498329 54.931438379921019 4.8913351353257939 4.4335501091554788 12.85292423237115 7.7341025741770855 52.870989324524999 5.5297883674502364 10.255621898919342 1.4747397303581227 25.271458693314344 1.2343081608414657 96.898990284651518 47.971063507255167
leaf_count=265 80 1196 48 159 189 104 374 48 165 14 574 8 4898 1148
internal_value=-6.02734e-11 -0.0101449 0.0233886 -0.0198732 0.0268766 0.0309704 0.0377873 0.0108501 -0.00190782 0.0437744 -0.00139832 -0.0199068 -0.0251885 0.00237647
internal_weight=335.783 234.593 101.19 131.691 96.8438 83.9909 62.0798 21.9111 16.3813 54.3457 29.705 11.4899 101.986 102.903
internal_count=9270 8240 1030 5896 950 761 492 269 221 388 733 173 5163 2344
is_linear=0
shrinkage=0.05


Tree=9
num_leaves=15
num_cat=0
split_feature=11 5 4 5 4 13 8 11 15 3 2 3 9 12
split_gain=31.5431 10.808 5.83695 4.12408 2.46197 2.38396 2.70694 2.68014 2.90118 2.7097 2.27796 2.25226 2.82981 4.31451
threshold=0.79213483146067432 0.01786779921613612 0.16706649897786965 0.017144584946818097 0.044910881750625971 0.018224333734519798 0.3559451025357922 0.91573033707865181 0.16111111111111112 0.050650559077776165 0.045868694967116326 -0.048171088577467595 -0.12482279169842457 0.22471910112359553
decision_type=2 2 2 2 2 2 2 2 2 2 2 2 2 2
left_child=1 10 3 4 -2 6 7 -5 9 -9 -1 12 -3 -14
right_child=2 11 -4 5 -6 -7 -8 8 -10 -11 -12 -13 13 -15
leaf_value=-0.026504159640901793 -0.018443693491925876 -0.0075475861570983519 0.034679305281889533 0.013539011080772071 0.0071096042802311953 -0.017707433463139452 -0.0029839444202223089 0.023480188611759909 0.042683818986890477 -0.038640897895507217 0.0034067023847479533 -0.010135994958987123 0.029577138209724393 -0.012899475090807687
leaf_weight=96.55214405991137 13.371235899627207 18.740424855612218 34.510642762295902 32.237628409639001 26.430098984390497 3.6688334685750297 10.579377812333403 4.2269271593540934 23.145032884553075 1.6476214975118635 6.5810561696998766 30.557736397720873 19.187331642024223 7.8188014365732661
leaf_count=5119 339 407 252 411 473 77 164 35 188 18 257 1038 331 161
internal_value=-1.43062e-11 -0.014106 0.0168764 0.0112957 -0.00171665 0.0180877 0.0201338 0.0241101 0.0350113 0.00297078 -0.0245811 0.000187104 0.00715204 0.0172578
internal_weight=329.255 179.437 149.817 115.307 39.8013 75.5054 71.8366 61.2572 29.0196 5.87455 103.133 76.3043 45.7466 27.0061
internal_count=9270 7313 1957 1705 812 893 816 652 241 53 5376 1937 899 492
is_linear=0
shrinkage=0.05


Tree=10
num_leaves=15
num_cat=0
split_feature=11 5 4 5 4 9 3 12 2 7 9 3 14 2
split_gain=27.6814 9.94401 5.42613 4.12184 2.43758 2.38441 3.11459 2.53343 2.44093 2.42902 2.22197 2.75306 2.53428 2.0969
threshold=0.79213483146067432 0.01786779921613612 0.16706649897786965 0.017144584946818097 0.044910881750625971 -0.12230502496215338 -0.051097105772761935 0.12359550561797759 0.041688694334543371 0.079950464751282327 0.21261674774859121 0.17060225697883682 -0.030579894156827585 -0.058497451245078318
decision_type=2 2 2 2 2 2 2 2 2 2 2 2 2 2
left_child=1 -1 3 4 -2 -3 7 9 -8 -7 12 -12 -4 -14
right_child=2 5 10 -5 -6 6 8 -9 -10 -11 11 -13 13 -15
leaf_value=-0.02382298270121215 -0.020029345315934585 -0.012046584625097494 -0.01769134092082025 0.017149914448996367 0.0058883386144643413 -0.034675829602142182 -0.017006159567730623 -0.0037201222971076139 0.016568859147739198 0.032413574951417126 0.022976864380173323 -0.036703537451083589 -0.014668921982908509 0.046695857411709313
leaf_weight=98.926046578679234 12.620628208853303 25.12350643472746 1.2817690689116741 74.681533890776336 26.2697115521878 0.65537961572409287 16.337649685330693 8.9113654727116209 6.9522617170587173 17.221750746481121 7.3184889359399659 1.5591538082808254 1.0344120860099817 23.611991725862026
leaf_count=5376 339 728 18 893 473 14 612 207 140 236 66 24 12 132
internal_value=4.01187e-11 -0.0134871 0.015812 0.0103489 -0.00281369 0.000243734 0.00652471 0.017862 -0.00671418 0.0282474 0.0328514 0.00984069 0.0400721 0.0436488
internal_weight=322.506 174.128 148.378 113.572 38.8903 75.2019 50.0784 26.7885 23.2899 17.8771 34.8058 8.87764 25.9282 24.6464
internal_count=9270 7313 1957 1705 812 1937 1209 457 752 250 252 90 162 144
is_linear=0
shrinkage=0.05


Tree=11
num_leaves=15
num_cat=0
split_feature=11 5 14 11 5 1 8 2 14 6 12 13 4 3
split_gain=24.554 8.51984 7.03151 4.95749 3.98334 3.51345 3.30172 2.7878 3.05987 2.45783 3.01387 2.73136 2.40429 2.28547
threshold=0.89325842696629221 0.01786779921613612 -0.043531449693776002 0.75842696629213491 0.011424331283871535 -0.060135989332393107 0.38618836064598011 0.073981412264700244 0.038909747882340862 0.019963903022355154 -0.44382022471910104 0.021629966209206302 -0.017657132658285165 0.08886055151039042
decision_type=2 2 2 2 2 2 2 2 2 2 2 2 2 2
left_child=1 3 -2 -1 -4 -6 7 8 9 10 -7 -11 -5 -12
right_child=2 -3 4 12 5 6 -8 -9 -10 11 13 -13 -14 -15
leaf_value=-0.02386484999272313 -0.040612726135757643 0.0014542238473736018 -0.013705103315791193 -0.033436461715445308 -0.028724630166965942 0.03992670270975144 0.0011760791738718182 0.050854075089125317 -0.0383932861348407 0.034880889530883405 -0.024840822883144195 -0.027226698732519268 0.0062616991174577049 0.023681109797569391
leaf_weight=90.990044377744198 3.5827570464462033 100.43333863466978 6.0926579982042304 3.4946807445958283 2.0525892395526162 3.6764234751462928 10.242889719083903 15.144340258091686 0.97210775129496951 45.238486846908927 6.1351657845079881 1.1381052611395706 24.188732382375747 2.7491083778440952
leaf_count=5163 80 2344 110 159 31 31 158 104 13 357 106 12 574 28
internal_value=8.66541e-12 -0.00926997 0.020815 -0.0182822 0.0235754 0.0263014 0.0279431 0.0315326 0.0258936 0.0275768 0.00724548 0.0328142 0.000259315 -0.0089496
internal_weight=316.131 219.107 97.0246 118.673 93.4419 87.3492 85.2966 75.0537 59.9094 58.9373 12.5607 46.3766 27.6834 8.88427
internal_count=9270 8240 1030 5896 950 840 809 651 547 534 165 369 733 134
is_linear=0
shrinkage=0.05


Tree=12
num_leaves=15
num_cat=0
split_feature=11 5 14 11 9 5 1 11 15 14 7 7 2 9
split_gain=24.455 7.4908 4.9729 4.19543 3.30044 3.27289 3.15124 2.40904 2.47177 2.2641 1.98016 2.61045 2.42378 3.52199
threshold=0.89325842696629221 0.016545911580750378 -0.043531449693776002 0.75842696629213491 1.1140212074060301 0.010649446260398689 -0.060135989332393107 0.98314606741573041 0.88333333333333341 0.013257522763930864 0.23411600798910373 0.13555944937877071 -0.050456767535958062 -0.10795031108305629
decision_type=2 2 2 2 2 2 2 2 2 2 2 2 2 2
left_child=1 3 -2 -1 5 -4 -7 -8 -9 -6 11 12 13 -3
right_child=2 10 4 -5 9 6 7 8 -10 -11 -12 -13 -14 -15
leaf_value=-0.024358043755011549 -0.035297791840340327 -0.0046402609629231598 -0.018048576989621149 -0.00060225500863650243 -0.054757022179521178 -0.028527163909956594 0.022563853525826183 0.046596728712411065 -0.014186063728061192 0.015985277473247277 0.040984205555566908 -0.01558474171097146 -0.0015574724139424598 0.03865892504953701
leaf_weight=79.690591007471085 2.9208304737694553 8.4005599170923251 3.5772564113140097 24.214555924758315 1.399480460211634 1.7369175516068924 61.037313059903681 21.369318315759305 1.3683536052703846 1.4811204336583612 1.8300456227734674 24.085034769028425 69.593024590518326 9.1256724828854185
leaf_count=4762 80 212 79 658 28 30 643 134 15 21 29 651 1799 129
internal_value=-3.79525e-10 -0.0092582 0.021042 -0.0188804 0.0231917 0.0249514 0.0269381 0.028411 0.0424953 -0.0236373 -0.000325137 -0.00136415 0.00269952 0.0187748
internal_weight=311.83 216.939 94.8906 103.905 91.9698 89.0892 85.5119 83.775 22.7377 2.8806 113.034 111.204 87.1193 17.5262
internal_count=9270 8240 1030 5420 950 901 822 792 149 49 2820 2791 2140 341
is_linear=0
shrinkage=0.05


Tree=13
num_leaves=15
num_cat=0
split_feature=11 5 14 11 8 2 5 7 7 3 10 2 2 6
split_gain=22.2131 7.51347 4.48781 3.55297 2.93268 3.51356 2.88535 2.695 2.52004 2.4844 2.3495 2.06482 3.64227 3.18398
threshold=0.89325842696629221 0.018001804448019555 -0.043531449693776002 0.72471910112359561 0.37552273859979252 0.073981412264700244 0.010165105976008974 0.23411600798910373 0.13555944937877071 0.0056780142066746872 0.039325842696629219 -0.050456767535958062 -0.066423772139186307 0.025253299408496736
decision_type=2 2 2 2 2 2 2 2 2 2 2 2 2 2
left_child=1 3 -2 -1 5 6 -4 8 11 -5 -8 12 -3 -13
right_child=2 7 4 9 -6 -7 10 -9 -10 -11 -12 13 -14 -15
leaf_value=-0.022687049651469535 -0.035643628410722356 -0.011233876051693695 -0.029698329225834819 -0.021742831577792582 -0.0010425204083957711 0.046251881130273509 -0.017343818369609226 0.046389932175079973 -0.015646686173336404 0.0070697439869893512 0.024073500315024098 -0.0066029284194713744 0.03464952068339313 0.021214917494751188
leaf_weight=84.811991659458727 2.6104446090757838 6.103508677333596 2.0004348438233128 10.399005510844292 11.741861660033463 15.99931664764881 2.9445238141342989 2.2121770214289418 19.709578433074057 20.853791783563793 58.023318629711866 46.319966738112271 11.148302010260521 12.144223537296055
leaf_count=4982 80 124 54 412 189 109 49 27 566 536 549 1232 160 201
internal_value=-1.30058e-10 -0.0088851 0.0202254 -0.0174277 0.0222043 0.0256307 0.0197501 0.00134343 -0.000171117 -0.0028942 0.0218256 0.00400876 0.0186904 -0.000564991
internal_weight=307.022 213.703 93.3199 116.065 90.7095 78.9676 62.9683 97.6378 95.4256 31.2528 60.9678 75.716 17.2518 58.4642
internal_count=9270 8240 1030 5930 950 761 652 2310 2283 948 598 1717 284 1433
is_linear=0
shrinkage=0.05


Tree=14
num_leaves=15
num_cat=0
split_feature=11 5 7 11 14 11 9 5 2 5 4 5 7 11
split_gain=19.7891 6.3881 4.23963 3.79433 3.07279 2.50331 3.23218 3.0438 2.38614 2.351 2.33159 2.20358 2.00535 2.02042
threshold=0.88202247191011252 0.018001804448019555 0.23411600798910373 0.72471910112359561 -0.043531449693776002 0.98314606741573041 0.47912478258504648 0.014740557502135401 -0.058497451245078318 0.010101872693372852 -0.017657132658285165 0.041695868009044255 0.13555944937877071 0.050561797752808994
decision_type=2 2 2 2 2 2 2 2 2 2 2 2 2 2
left_child=1 3 12 9 -2 7 8 -6 -7 -1 -5 -9 -3 -14
right_child=4 2 -4 10 5 6 -8 11 -10 -11 -12 -13 13 -15
leaf_value=-0.032730359668874595 -0.025752364022454316 0.0024804007821865016 0.050791799336681633 -0.031833347733877811 -0.0065861272851841877 -0.022803715455758499 -0.018106111623838479 0.021289053155358173 0.042225561772521465 -0.01492482162068836 0.0044008408458234343 -0.033481590808674126 0.014607514212171055 -0.023686220469863965
leaf_weight=32.826495700050145 2.9853779496625057 70.856470235157758 3.0694072246551505 4.3212617230601635 13.071435914374886 0.89695243909955635 2.1964902263134709 55.472549375146627 22.171359479427338 48.561866811476648 25.871654947753996 1.0346174631267775 3.6786484373733428 14.679307649843393
leaf_count=2042 88 1663 27 228 248 14 35 590 141 2940 675 17 102 460
internal_value=-1.36327e-10 -0.00886489 0.000877807 -0.0168589 0.0183763 0.0200195 0.0334017 0.0147559 0.0388547 -0.0224165 -0.00163934 0.0197215 -0.00138345 -0.0156546
internal_weight=301.694 203.865 92.2838 111.581 97.8288 94.8434 25.2648 69.5786 23.0683 81.3884 30.1929 56.5072 89.2144 18.358
internal_count=9270 8137 2252 5885 1133 1045 190 855 155 4982 903 607 2225 562
is_linear=0
shrinkage=0.05


Tree=15
num_leaves=15
num_cat=0
split_feature=11 5 14 11 7 1 5 3 8 7 11 4 13 6
split_gain=18.074 6.62597 3.27144 3.21283 3.0205 2.46979 2.62091 2.25438 2.21276 2.02529 2.41792 1.99775 1.98015 2.33922
threshold=0.89325842696629221 0.018001804448019555 -0.043531449693776002 0.72471910112359561 0.23411600798910373 -0.060135989332393107 0.011424331283871535 0.0045841633172497573 0.38618836064598011 0.13555944937877071 0.050561797752808994 -0.044670018413547778 0.021629966209206302 0.030180892941662905
decision_type=2 2 2 2 2 2 2 2 2 2 2 2 2 2
left_child=1 3 -2 11 9 -4 -7 -5 12 -3 -11 -1 13 -8
right_child=2 4 5 7 -6 6 8 -9 -10 10 -12 -13 -14 -15
leaf_value=-0.012424985150683424 -0.031936444459231099 0.0031866656786913778 -0.029560487678074718 -0.021884997483972938 0.043128937769731993 -0.01149844063035608 0.021861091963620537 0.0057443181690253007 0.0014143468898017676 0.015908309683229441 -0.025235200789769114 -0.029047836060426675 -0.019760841697373809 0.043908091083992323
leaf_weight=34.648684143088758 2.2712500728666773 74.588083708658814 1.6217721607536066 9.81692374544218 3.1593286879360667 5.1708493819460264 53.516653422266245 22.376343028619885 10.178841493092476 3.9998467797413495 13.277682012878357 43.50145898712799 1.5899944519624103 17.107290111482143
leaf_count=2185 80 1717 31 405 27 110 512 543 158 102 464 2797 15 124
internal_value=-1.10035e-10 -0.00823068 0.0183713 -0.016508 0.00145275 0.0199924 0.0212336 -0.00308638 0.0234011 -0.000429514 -0.015361 -0.021928 0.0264385 0.02774
internal_weight=296.825 205.368 91.4567 110.343 95.0249 89.1854 87.5636 32.1933 82.3928 91.8656 17.2775 78.1501 72.2139 70.6239
internal_count=9270 8240 1030 5930 2310 950 919 948 809 2283 566 4982 651 636
is_linear=0
shrinkage=0.05


Tree=16
num_leaves=15
num_cat=0
split_feature=11 7 5 14 4 11 1 11 5 15 15 9 10 16
split_gain=16.3277 6.35604 4.78071 2.88987 2.65039 2.24205 2.1484 2.40893 2.93839 2.66009 2.36138 1.82316 1.76675 1.50383
threshold=0.89325842696629221 0.23411600798910373 0.010899567945764573 -0.043531449693776002 -0.10801419642008729 0.73595505617977541 -0.060135989332393107 0.98314606741573041 0.014740557502135401 0.90555555555555567 0.16111111111111112 0.66181446213705097 0.039325842696629219 0.01101168521221753
decision_type=2 2 2 2 2 2 2 2 2 2 2 2 2 2
left_child=1 2 5 -2 -3 -1 -5 8 -8 11 -10 -9 -12 -11
right_child=3 4 -4 6 -6 -7 7 9 10 13 12 -13 -14 -15
leaf_value=-0.028848936224541651 -0.031636975589639307 0.056440423063141502 -0.0049069538650599771 -0.029243008789200237 -0.02977905072377194 -0.0027907876908506127 -0.0076277105859712787 0.040795764694090186 -0.0021188950739662346 0.020043586023201707 -0.029792711471621186 -0.015924257452358124 0.026378057896381486 -0.048172518160601752
leaf_weight=36.437359627801925 2.0332357194274655 4.2045337986201048 150.28511423524469 1.4143831385299552 0.42536931671202083 10.883713615126906 11.607649834826587 21.696231570094831 9.9042936135083419 0.71024801954626926 0.65360469091683526 1.0036715976893891 40.593839226290584 0.78734905831515789
leaf_count=2410 80 29 5466 31 9 326 220 137 109 6 13 20 403 11
internal_value=9.08828e-11 -0.00789349 -0.00934282 0.017551 0.0446366 -0.0230374 0.0190241 0.0201327 0.0145645 0.0334232 0.0196502 0.0377218 0.0248039 -0.0207486
internal_weight=292.641 202.236 197.606 90.4045 4.6299 47.3211 88.3713 86.9569 62.7594 24.1975 51.1517 22.6999 41.2474 1.4976
internal_count=9270 8240 8202 1030 38 2736 950 919 745 174 525 157 416 17
is_linear=0
shrinkage=0.05


Tree=17
num_leaves=15
num_cat=0
split_feature=11 5 7 11 4 14 8 3 1 13 6 7 7 12
split_gain=14.9636 5.72397 4.01322 2.76723 2.71297 2.371 2.10463 2.55522 4.12428 2.35482 2.58211 2.0912 2.80722 4.28529
threshold=0.89325842696629221 0.018001804448019555 0.21598335597797544 0.72471910112359561 -0.10201851370653979 -0.043531449693776002 0.9073933762733285 0.076547958936011865 -0.013923328889812124 0.021629966209206302 0.030180892941662905 0.079950464751282327 0.066272481937293917 -0.10674157303370783
decision_type=2 2 2 2 2 2 2 2 2 2 2 2 2 2
left_child=1 3 -3 -1 -4 -2 7 9 -9 10 11 12 13 -7
right_child=5 2 4 -5 -6 6 -8 8 -10 -11 -12 -13 -14 -15
leaf_value=-0.020602149358797919 -0.02876249673188018 -0.0012981134035414993 0.051384058738531795 -0.0028659149705740905 -0.031079834830272404 0.021389541020387773 -0.019154649958221942 -0.022283820620835008 0.035088158317169028 -0.042452431764456171 0.035847594745287994 -0.012342954151412074 0.039739613749783229 -0.021761949629146207
leaf_weight=75.04115933761932 1.8955931570380915 88.805363468825817 4.8330262470990419 31.447100218851119 0.50952070206403632 13.807753231376404 2.8524995725601903 2.7865439467132083 32.212199941277504 0.96981722582131524 9.6509489212185127 9.0742244031280261 6.9103403463959685 8.4409983064979404
leaf_count=4982 80 2261 39 948 10 152 58 33 290 12 93 111 71 130
internal_value=-1.04372e-10 -0.00755505 0.00143179 -0.0154398 0.0398592 0.0170017 0.0183188 0.0198043 0.0300282 0.0120245 0.0139737 0.00767931 0.0141128 0.00478634
internal_weight=289.237 200.636 94.1479 106.488 5.34255 88.6009 86.7053 83.8528 34.9987 48.8541 47.8843 38.2333 29.1591 22.2488
internal_count=9270 8240 2310 5930 49 1030 950 892 323 569 557 464 353 282
is_linear=0
shrinkage=0.05


Tree=18
num_leaves=15
num_cat=0
split_feature=11 7 5 5 1 11 8 5 2 14 9 9 4 6
split_gain=14.0964 6.83188 3.7334 2.44791 2.38934 2.09893 1.97943 2.18247 1.84549 1.98583 1.90421 2.43658 1.79033 1.74669
threshold=0.89325842696629221 0.23411600798910373 0.010899567945764573 0.011424331283871535 -0.060135989332393107 0.73595505617977541 0.37552273859979252 0.023325141075638656 0.073981412264700244 0.038909747882340862 0.10349203054446988 0.29829008296183196 0.052751036152599136 0.027166307926354629
decision_type=2 2 2 2 2 2 2 2 2 2 2 2 2 2
left_child=1 2 5 -2 -5 -1 8 -8 9 10 -6 13 -9 -12
right_child=3 -3 -4 4 6 -7 7 12 -10 -11 11 -13 -14 -15
leaf_value=-0.027050668199914696 -0.014120071777273769 0.045951624348303161 -0.0049619274418930357 -0.030529940281122422 0.025340515664879243 -0.0018591060814191025 0.01975288135817772 0.019762647800520925 0.039123646878748641 -0.035407979788627336 -0.022903183116545808 0.027982106958141958 -0.037174197754747645 0.022917268215546793
leaf_weight=34.88763747131452 5.3257754622027269 4.8708572369068852 148.86249996628612 1.5358741944655765 40.019569782540202 10.945121778640894 5.590843294747172 1.2235660040751097 14.326663294807075 0.79098023660480876 7.0536358738318068 5.2914619874209157 3.6978134615346789 1.914752474054694
leaf_count=2410 122 38 5466 39 408 326 89 19 105 13 97 50 66 22
internal_value=5.67411e-10 -0.00731342 -0.00887399 0.0167119 0.0188749 -0.0212029 0.0201901 -4.39315e-05 0.0232122 0.0184489 0.01986 0.00382655 -0.0220715 -0.0118029
internal_weight=286.337 199.566 194.695 86.7709 81.4452 45.8328 79.9093 10.5122 69.3971 55.0704 54.2794 14.2599 4.92138 8.96839
internal_count=9270 8240 8202 1030 908 2736 869 174 695 590 577 169 85 119
is_linear=0
shrinkage=0.05


Tree=19
num_leaves=15
num_cat=0
split_feature=11 7 5 4 5 10 8 14 11 3 3 2 9 6
split_gain=12.8539 5.48445 3.28517 2.66058 2.19105 2.14211 2.4334 1.92393 1.75313 1.58196 1.57311 1.68278 2.8234 1.83018
threshold=0.89325842696629221 0.21598335597797544 0.010899567945764573 -0.10801419642008729 0.010649446260398689 0.039325842696629219 0.9073933762733285 -0.043531449693776002 0.71348314606741581 -0.059895316623110699 -0.097396888616253272 -0.048628167789238612 -0.10795031108305629 0.025614282555239589
decision_type=2 2 2 2 2 2 2 2 2 2 2 2 2 2
left_child=1 2 8 9 -2 -6 7 -7 -1 -3 -4 12 -12 -13
right_child=4 3 10 -5 5 6 -8 -9 -10 -11 11 13 -14 -15
leaf_value=-0.026027434020274937 -0.018255201216063704 0.054638451631636789 -0.025058681768547406 -0.032017221252373988 -0.020324296539608655 -0.023580856307259441 -0.023433515019216117 0.02223184619441641 -0.003269387871967463 -0.01603919637282774 -0.0086549500613942766 -0.0086462748668975319 0.023451586347357643 0.0094984256521930075
leaf_weight=32.996835751924664 3.6568249333649865 5.0320790503174067 8.0917562525719386 0.5441354550421228 2.7664610585197797 1.5837572449818242 2.4127462226897469 75.267272161319852 11.686844375915824 0.46254360396414984 12.680123970378192 98.361513214185834 12.941411805339156 15.310982057824729
leaf_count=2359 94 35 316 15 53 64 54 765 377 14 421 4065 303 335
internal_value=2.28464e-10 -0.0069967 -0.00854504 0.0364676 0.0160705 0.0178021 0.0193694 0.020997 -0.020277 0.0471352 -0.00487552 -0.0035328 0.00783379 -0.00614078
internal_weight=283.795 198.108 192.069 6.03876 85.6871 82.0302 79.2638 76.851 44.6837 5.49462 147.386 139.294 25.6215 113.672
internal_count=9270 8240 8176 64 1030 936 883 829 2736 49 5440 5124 724 4400
is_linear=0
shrinkage=0.05


Tree=20
num_leaves=15
num_cat=0
split_feature=11 7 5 4 5 1 8 5 4 3 2 8 11 3
split_gain=11.5141 4.71959 3.1602 2.05254 1.79621 1.83051 1.7175 1.70131 2.46184 1.52866 1.70686 2.04989 1.52014 1.38846
threshold=0.89325842696629221 0.21598335597797544 0.010899567945764573 -0.10801419642008729 0.011424331283871535 -0.060135989332393107 0.37552273859979252 0.02208106354372321 0.048335491698715101 -0.097396888616253272 -0.054996789601403022 -0.20128945463807554 0.72471910112359561 0.10189132635698729
decision_type=2 2 2 2 2 2 2 2 2 2 2 2 2 2
left_child=1 2 12 -3 -2 -6 -7 -8 -9 -4 11 -11 -1 -12
right_child=4 3 9 -5 5 6 7 8 -10 10 13 -13 -14 -15
leaf_value=-0.025086197509383193 -0.011316075015858396 0.043214651373032313 -0.024941122508602032 -0.028357246090931945 -0.026711455269426688 0.021172049196548172 0.018046401223681535 0.025173536575320565 -0.038284679694278838 -0.012530787687803496 -0.004525612059047601 0.021189672801570192 -0.0035003811052850909 -0.039456415799770002
leaf_weight=32.525206246878952 5.2717516934499136 5.4022401850670576 7.6357538234442464 0.47716713976114888 1.474675441160797 67.774811822921038 5.1008752090856415 1.4450316317379472 3.6920598344877362 5.8923184596933451 117.65960582625121 12.819841543678193 11.254463179036973 1.9397189049050201
leaf_count=2385 122 49 316 15 39 695 80 23 71 182 4589 313 351 40
internal_value=4.58112e-11 -0.00666838 -0.00810492 0.0341283 0.0152875 0.0171706 0.0183277 -0.000710544 -0.019241 -0.00450442 -0.00320524 0.0104743 -0.0197392 -0.00541461
internal_weight=280.366 195.606 189.727 5.87941 84.7592 79.4875 78.0128 10.238 5.13709 145.947 138.311 18.7122 43.7797 119.599
internal_count=9270 8240 8176 64 1030 908 869 174 94 5440 5124 495 2736 4629
is_linear=0
shrinkage=0.05


Tree=21
num_leaves=15
num_cat=0
split_feature=11 7 5 14 11 3 10 8 9 6 4 11 15 6
split_gain=10.0308 4.70098 2.88533 2.0105 1.9668 1.93337 1.86648 2.22892 2.4647 2.43679 3.5047 3.14736 2.25326 1.89365
threshold=0.89325842696629221 0.21598335597797544 0.018001804448019555 -0.043531449693776002 0.72471910112359561 0.0045841633172497573 0.23033707865168543 0.23734216764969709 0.28322649190492671 0.020318472624127022 0.32617339111272775 0.98314606741573041 0.15000000000000002 0.024071700806965631
decision_type=2 2 2 2 2 2 2 2 2 2 2 2 2 2
left_child=1 2 4 -2 -1 -6 -5 9 -9 11 12 -8 13 -11
right_child=3 -3 -4 6 5 -7 7 8 -10 10 -12 -13 -14 -15
leaf_value=-0.017977711949268248 -0.027439701458412138 0.033917319508224054 -0.00099200107860588347 -0.0058198503532593303 -0.020385424960069339 0.0056398157731855844 -0.0071399912427322909 -0.035576790304211875 0.010709687919206155 0.042771231285206421 -0.032744816491120855 0.041983658727232233 0.038143474656578198 -0.010728262897451372
leaf_weight=70.2496841493994 1.9137234166264523 6.0586110139265648 86.711809425614774 8.5812419699504954 9.5061446195468324 21.354475283529609 11.76855476759374 2.4524129331111935 16.391546043567359 1.2965732440352429 1.3759979046881188 3.4025218226015559 31.486111314967275 4.997258173301816
leaf_count=4967 80 64 2261 126 405 543 193 35 236 10 12 22 268 48
internal_value=-8.19359e-11 -0.00624282 -0.00771103 0.0143695 -0.0134071 -0.00276508 0.0156679 0.0182324 0.00319655 0.0232958 0.0297644 0.00579223 0.0328268 0.00464599
internal_weight=277.547 193.881 187.822 83.6659 101.11 30.8606 81.7522 73.171 18.844 54.327 39.1559 15.1711 37.7799 6.29383
internal_count=9270 8240 8176 1030 5915 948 950 824 271 553 338 215 326 58
is_linear=0
shrinkage=0.05


Tree=22
num_leaves=15
num_cat=0
split_feature=11 5 3 11 5 9 2 15 10 8 12 5 6 9
split_gain=9.00677 4.27138 3.14643 2.2468 2.33566 2.13823 2.13718 1.9488 1.68869 1.6681 1.68862 1.57604 1.82519 1.72303
threshold=0.89325842696629221 0.02208106354372321 -0.050614262215332599 0.98314606741573041 0.014740557502135401 0.47912478258504648 0.044801356611327343 0.13888888888888892 0.039325842696629219 -0.20814794273024992 0.2303370786516854 0.026877014602042133 0.017342025016155341 -0.038499521153981579
decision_type=2 2 2 2 2 2 2 2 2 2 2 2 2 2
left_child=1 6 9 4 -2 -5 -1 -6 -9 -3 -11 12 -10 -13
right_child=3 2 -4 5 7 -7 -8 8 11 10 -12 13 -14 -15
leaf_value=-0.012506528096280731 -0.011167636112793554 -0.0075094845257427829 -0.0055859836518537291 0.031406337090118107 -0.0076027154164638169 -0.016870426157145981 0.0066842034269082654 -0.030932053778685232 -0.0072001237534818664 0.030752585247664929 -0.0068277628995862139 0.026999773724403087 0.029801548595253691 -0.01356699050893803
leaf_weight=126.0917599434033 11.486284893937407 4.4405244858935502 26.118784596212208 20.975235276855532 8.6212857477366907 1.9350928468629707 15.745770454406737 0.84879566542804141 3.4180699856951859 17.039141854271296 3.1961047835648051 3.1499772621318698 25.474412864074111 6.0980810048058611
leaf_count=6537 235 117 696 169 123 37 497 21 53 302 91 34 281 77
internal_value=-2.31044e-10 -0.005907 0.00644391 0.0137793 0.00837214 0.0267937 -0.0103442 0.013219 0.017898 0.0188989 0.0247749 0.0197472 0.0253297 0.00153676
internal_weight=274.639 192.632 50.7946 82.0072 59.0969 22.9103 141.838 47.6106 38.9893 24.6758 20.2352 38.1405 28.8925 9.24806
internal_count=9270 8240 1206 1030 824 206 7034 589 466 510 393 445 334 111
is_linear=0
shrinkage=0.05


Tree=23
num_leaves=15
num_cat=0
split_feature=11 5 3 2 14 1 5 9 7 4 8 10 9 10
split_gain=8.22784 4.19701 3.08309 1.94561 1.89153 1.66813 1.61247 1.60252 1.98493 1.62367 1.59031 1.86334 1.66461 1.54403
threshold=0.89325842696629221 0.02208106354372321 -0.050614262215332599 0.044801356611327343 -0.043531449693776002 0.043030345925633935 0.010649446260398689 -0.10795031108305629 0.097465840674084273 -0.1201349252446287 0.9073933762733285 0.23033707865168543 -0.28272314827819539 0.56741573033707871
decision_type=2 2 2 2 2 2 2 2 2 2 2 2 2 2
left_child=1 3 7 -1 -2 -4 -6 8 -3 -10 11 12 -8 -9
right_child=4 2 5 -5 6 -7 10 13 9 -11 -12 -13 -14 -15
leaf_value=-0.012202327501747372 -0.027439892453891165 0.03444779368585147 -0.011996351661124867 0.0060413279209446278 -0.015887333056987914 0.017172133144509587 0.013430352739692572 0.035523965052307385 0.02026053215284775 -0.026653778312444018 -0.018393906124159278 0.020295167169365264 -0.027864322536009869 0.00030950640561059088
leaf_weight=124.29569524247199 1.875522868707775 2.1417932864278573 20.588066760450605 15.934855897910891 3.3707474721595636 5.3994993688538662 4.7298880321905017 12.432638858444991 1.8408031836152075 4.8253127597272396 2.4330840324982992 65.044637486338615 3.2866134159266931 4.0747601184993973
leaf_count=6537 80 32 561 497 84 135 60 185 46 148 52 696 58 99
internal_value=1.3732e-10 -0.00564269 0.00650411 -0.0101011 0.0132909 -0.00552421 0.014591 0.0185926 0.00107234 -0.0127458 0.0161417 0.0175247 -0.00471238 0.0273457
internal_weight=272.274 191.533 51.3029 140.231 80.7405 25.9876 78.865 25.3153 8.80791 6.66612 75.4942 73.0611 8.0165 16.5074
internal_count=9270 8240 1206 7034 1030 696 950 510 226 194 866 814 118 284
is_linear=0
shrinkage=0.05


Tree=24
num_leaves=15
num_cat=0
split_feature=11 7 5 14 11 5 15 9 2 1 0 14 3 5
split_gain=7.3656 3.92906 2.35017 1.79123 1.63135 2.17445 1.92543 1.57957 1.50036 3.59122 1.43392 1.4335 1.28661 1.28469
threshold=0.89325842696629221 0.21598335597797544 0.010899567945764573 -0.043531449693776002 0.98314606741573041 0.014740557502135401 0.13888888888888892 0.47912478258504648 0.037519786096258174 0.014763046659738046 0.053025143866792142 0.022196329129065367 -0.059895316623110699 0.039307114566529723
decision_type=2 2 2 2 2 2 2 2 2 2 2 2 2 2
left_child=1 2 -1 -2 5 -5 -7 8 9 11 -11 -6 -3 -4
right_child=3 12 13 4 7 6 -8 -9 -10 10 -12 -13 -14 -15
leaf_value=-0.016944117540470666 -0.027499910278772563 0.039284132201210374 -0.0028875655805234088 -0.010078546121967773 0.033749284203454105 -0.0079443812269006011 0.01853905559769542 -0.013370570532899508 0.041162385203993915 -0.061611268272386104 0.014301338873337274 -0.021914387543017944 -0.018310888319801513 -0.037468665106932184
leaf_weight=42.107391650322825 1.7998851295560587 5.2722221622243524 140.09808620763943 11.04789717402309 6.6883176825940662 7.7503723669797173 37.632001425139606 1.8336281413212407 11.000347428023813 1.0353997591882942 0.44053241983056057 0.65637548826634873 0.54383355937898059 1.7488628700375546
leaf_count=2736 80 48 5397 221 54 100 439 35 75 12 3 11 16 43
internal_value=9.48346e-11 -0.00536096 -0.00670891 0.0126441 0.0139054 0.00914603 0.0139425 0.0253569 0.0294097 0.0120537 -0.0423283 0.0267448 0.0320024 -0.00357324
internal_weight=269.655 189.77 183.954 79.8848 78.0849 56.4303 45.3824 21.6546 19.821 8.82063 1.47593 7.34469 5.81606 141.847
internal_count=9270 8240 8176 1030 950 760 539 190 155 80 15 65 64 5440
is_linear=0
shrinkage=0.05


Tree=25
num_leaves=15
num_cat=0
split_feature=11 5 3 1 11 5 2 15 15 3 7 7 5 10
split_gain=6.57661 3.58246 2.71518 1.83364 1.76004 2.0895 1.70481 1.5709 1.51228 1.43571 1.35403 2.73463 1.57024 1.23159
threshold=0.89325842696629221 0.02208106354372321 -0.050614262215332599 -0.060135989332393107 0.98314606741573041 0.014740557502135401 0.044801356611327343 0.13888888888888892 0.88333333333333341 0.10189132635698729 0.21598335597797544 0.12982512624846446 0.034822836431848934 0.039325842696629219
decision_type=2 2 2 2 2 2 2 2 2 2 2 2 2 2
left_child=1 6 10 -2 5 -5 -1 -7 -6 -8 11 12 -3 -9
right_child=3 2 -4 4 8 7 9 13 -10 -11 -12 -13 -14 -15
leaf_value=-0.011160798477848651 -0.031270658040468857 0.031267982429487869 -0.0051358232664804413 -0.010422092424225933 0.028953234257708613 -0.0064617285228790733 0.011178384822277891 -0.027564087659155613 -0.016903535579506825 -0.029933289909104956 0.040721578195635662 -0.0096732577401969638 -0.020105438843888768 0.018903056140826643
leaf_weight=122.87787906918675 1.4537025373429049 11.071581834927207 25.453580090776086 11.009124959819017 19.622532254084948 7.8740429636090985 14.59598144888878 0.63095583487301965 1.327620013616978 1.4840699983760703 4.2825205810368052 8.6037102183327061 1.0074540795758355 36.326846298761666
leaf_count=6537 41 173 696 231 166 112 460 13 24 37 31 282 24 443
internal_value=4.25196e-10 -0.00503816 0.00629041 0.0121036 0.0133161 0.00841178 -0.00916414 0.0131632 0.0254096 0.0058537 0.0176893 0.0112621 0.0257736 0.0174045
internal_weight=267.622 189.377 50.4188 78.2448 76.7911 55.841 138.958 44.8318 20.9502 16.0801 24.9653 20.6827 12.079 36.9578
internal_count=9270 8240 1206 1030 989 799 7034 568 190 497 510 479 197 456
is_linear=0
shrinkage=0.05


Tree=26
num_leaves=15
num_cat=0
split_feature=11 5 4 11 9 14 5 3 10 5 7 7 11 6
split_gain=5.78656 3.27273 2.84985 2.00569 1.47818 1.70086 1.44447 3.16525 1.52358 1.44984 1.45169 1.65008 2.19059 1.73657
threshold=0.8370786516853933 0.016545911580750378 -0.15594719991433667 0.98314606741573041 0.47912478258504648 -0.030579894156827585 0.034822836431848934 0.0091511294356595458 0.028089887640449441 0.018553394817437573 0.12741164207324721 0.039531499830438528 0.9269662921348315 0.013207914920603135
decision_type=2 2 2 2 2 2 2 2 2 2 2 2 2 2
left_child=1 -1 -3 6 5 -5 8 -8 -2 10 11 13 -13 -10
right_child=3 2 -4 4 -6 -7 7 -9 9 -11 -12 12 -14 -15
leaf_value=-0.013263570133460842 -0.032720001353799925 0.032074391592386689 -0.0017243258120163427 -0.0075808233852827471 -0.014428472964520331 0.032341769861110002 0.023848675460696717 -0.050764284532329951 -0.023577811327241172 0.014657547520832526 0.037913588590181853 0.001871298941944732 -0.030056996212351764 0.022120953061557206
leaf_weight=76.588517862837762 1.3597450600936998 5.7455036723986259 81.80406853556633 2.7435578815639081 1.8241848414763797 16.775737270712852 1.6991374231874932 2.3024466950446367 1.7504591606557358 40.291126030497253 1.4428583458065976 14.554595325142147 7.4166878703981629 8.9958716314285976
leaf_count=5184 36 92 2449 36 37 133 26 50 49 558 19 305 151 145
internal_value=8.00468e-11 -0.00578621 0.00083091 0.00935354 0.0226362 0.0266344 0.00556536 -0.0206486 0.00719983 0.0083529 0.000711392 -0.00200502 -0.00974578 0.0133036
internal_weight=265.294 164.138 87.5496 101.156 21.3435 19.5193 79.8129 4.00158 75.8113 74.4516 34.1605 32.7176 21.9713 10.7463
internal_count=9270 7725 2541 1545 206 169 1339 76 1263 1227 669 650 456 194
is_linear=0
shrinkage=0.05


Tree=27
num_leaves=15
num_cat=0
split_feature=5 11 7 1 3 8 14 6 3 2 8 3 12 5
split_gain=5.11895 3.75408 2.52139 1.94962 3.70818 2.42444 2.31343 1.69424 1.68909 1.62648 1.59968 1.5687 1.33632 1.33089
threshold=0.010649446260398689 0.89325842696629221 0.23411600798910373 -0.015885841114868401 0.048317111675828535 0.22404531975446998 -0.01734831545187519 0.020933847926870981 0.048317111675828535 0.0041176380651564157 -0.061547096701445807 0.12846120861544688 -0.061797752808988742 0.037531677906596526
decision_type=2 2 2 2 2 2 2 2 2 2 2 2 2 2
left_child=-1 2 -2 4 6 9 -3 -8 -7 10 -5 13 -12 -10
right_child=1 3 -4 5 -6 8 7 -9 11 -11 12 -13 -14 -15
leaf_value=-0.015721518704847681 -0.002695641529054577 0.026439806654164628 0.03365066082486292 0.01763637897028637 -0.039460017997709526 -0.026850004176311518 0.018145991695951109 -0.042304924573172739 0.022409441317362694 0.028630337228649352 -0.03477865905169323 -0.019894641646927731 0.020740004735557552 -0.025944261782945007
leaf_weight=42.312976845540106 144.04958331631497 7.3115534055978051 3.9356900900602332 7.6515225628390908 4.0357524743303648 3.3792756889015463 1.2012984920293086 1.8793023796752093 10.116912505589422 30.129570176824927 2.5198307661339645 2.8766062203794709 0.79077653959393313 0.78447019681334573
leaf_count=2701 5601 101 32 89 63 72 14 40 133 311 43 46 12 12
internal_value=-1.90938e-10 0.003072 -0.00150963 0.012295 -0.00394214 0.0163155 0.0121041 -0.0200617 0.000447191 0.0227731 0.00562669 0.00850612 -0.0197824 0.0170423
internal_weight=262.975 220.662 147.985 72.6769 14.4279 58.249 10.3922 3.0806 17.1573 41.0917 10.9621 13.778 3.31061 10.9014
internal_count=9270 6569 5633 936 218 718 155 54 263 455 144 191 55 145
is_linear=0
shrinkage=0.05


Tree=28
num_leaves=15
num_cat=0
split_feature=11 5 3 7 7 6 2 10 7 7 3 16 8 8
split_gain=5.06692 2.61752 2.26684 1.6293 3.15389 2.51851 2.78227 2.4422 2.90259 3.38621 2.18768 2.16907 2.01989 1.95467
threshold=0.89325842696629221 0.02208106354372321 -0.050614262215332599 0.036010819136743651 0.045523530815892173 0.025253299408496736 -0.0052327801409635102 0.91573033707865181 0.068004487455105081 0.069701565558472858 0.068798873093605009 0.01591784592363496 -0.15959804654298135 0.11057388803487768
decision_type=2 2 2 2 2 2 2 2 2 2 2 2 2 2
left_child=1 -1 -3 10 -5 7 12 -6 -9 -10 -2 -12 -7 -14
right_child=3 2 -4 4 5 6 -8 8 9 -11 11 -13 13 -15
leaf_value=-0.00796241989928957 -0.0034356152137096823 0.015844253692742165 -0.0050277067791360819 -0.027338845288002872 0.010522004219849531 0.01398542261437884 0.029027346573037727 -0.04968365405198364 0.0466494077870944 -0.024400432438542872 0.042549813162783549 -0.031827488268812855 -0.049729144532617037 0.016805431115417067
leaf_weight=136.80610317643732 4.4634307743981472 24.596566515043378 25.713933973107487 5.0883264057338229 14.750408360734584 5.8850794583559036 22.070374395698309 3.6922021126374585 1.7740824595093725 3.2597366739064455 9.7892301995307172 0.36370569467544633 2.2792267119511984 1.0590789010748265
leaf_count=7034 82 510 696 79 230 78 235 83 12 61 105 7 44 14
internal_value=8.89386e-11 -0.00439101 0.00528642 0.0109443 0.00705103 0.0106789 0.0197404 -0.00171308 -0.0213505 0.00422119 0.025416 0.0372706 -0.00314756 -0.0296128
internal_weight=261.591 187.117 50.3105 74.4749 59.8585 54.7702 31.2938 23.4764 8.72602 5.03382 14.6164 10.1529 9.22339 3.33831
internal_count=9270 8240 1206 1030 836 757 371 386 156 73 194 112 136 58
is_linear=0
shrinkage=0.05


Tree=29
num_leaves=15
num_cat=0
split_feature=11 7 11 4 3 3 14 5 10 14 6 3 8 12
split_gain=4.89189 4.07704 2.10487 1.90775 1.83627 1.8425 1.74054 1.95337 1.61293 1.66481 1.51609 2.40863 1.77158 1.49915
threshold=0.75842696629213491 0.066757675632158744 0.98314606741573041 -0.15594719991433667 -0.093979606306701421 -0.0084627382987682558 -0.025300996977612168 0.01786779921613612 0.016853932584269666 -0.043531449693776002 0.017342025016155341 0.0266554237431933 0.21086873911931905 0.23595505617977527
decision_type=2 2 2 2 2 2 2 2 2 2 2 2 2 2
left_child=1 -1 8 -3 -5 6 7 -6 -2 -10 11 -11 -12 -7
right_child=2 3 -4 4 5 13 -8 -9 9 10 12 -13 -14 -15
leaf_value=-0.020869968709344471 -0.037009343309583602 0.021576379233343213 0.021848702112694192 -0.024346075021486488 -0.020561638732393764 -0.023732844989925894 0.010558489180956122 0.0047812677179985986 -0.020030455235562711 -0.022866668183171429 0.014558196973785657 0.0095590099120932311 -0.0025819599399832861 0.0027334666628694368
leaf_weight=35.260959980543703 1.3301624702289689 7.3675922439433625 19.555597858503461 8.3727717348374409 11.832705656066539 12.690861907321962 35.241657262202352 17.949522264301777 5.2341659981757394 9.251729497220369 55.334338447079062 12.088472384959458 20.215138470754027 8.4735816242173296
leaf_count=2443 43 185 206 343 835 617 1767 429 158 323 901 261 374 385
internal_value=-1.90843e-10 -0.00646967 0.00720946 -0.00133371 -0.00332582 -0.00102799 0.00317156 -0.00562853 0.00425957 0.00515076 0.00670183 -0.00489298 0.00999811 -0.0134913
internal_weight=260.199 137.19 123.01 101.929 94.5611 86.1883 65.0239 29.7822 103.454 102.124 96.8897 21.3402 75.5495 21.1644
internal_count=9270 7004 2266 4561 4376 4033 3031 1264 2060 2017 1859 584 1275 1002
is_linear=0
shrinkage=0.05


Tree=30
num_leaves=15
num_cat=0
split_feature=5 11 7 1 8 14 4 5 5 4 7 7 11 3
split_gain=4.45479 3.31469 2.10866 1.40711 1.30331 1.18099 1.15642 1.01782 1.06577 1.34003 1.29331 1.96147 1.52298 1.12415
threshold=0.010649446260398689 0.89325842696629221 0.23411600798910373 -0.060135989332393107 0.9073933762733285 -0.043531449693776002 -0.12146213028448753 0.039307114566529723 0.02208106354372321 0.044910881750625971 0.069457363727385105 0.12982512624846446 0.028089887640449441 -0.051097105772761935
decision_type=2 2 2 2 2 2 2 2 2 2 2 2 2 2
left_child=-1 2 7 -3 5 -5 -4 8 9 -2 -10 13 -13 -12
right_child=1 3 6 4 -6 -7 -8 -9 10 -11 11 12 -14 -15
leaf_value=-0.014831538222422095 -0.0075258204373214793 -0.027189999529909765 0.040621913429727048 -0.021291460133743927 -0.017576391809239686 0.015450313384071544 -0.017128562329903237 -0.033916048495832032 -0.017367509123616724 0.0077268399048456534 0.026077474978404132 0.027564847322532067 -0.015733421870755684 0.0057078503183252234
leaf_weight=41.383953903801739 79.837473412044346 1.3473937241360534 3.3244205210357909 1.4239533189684142 2.5360582675784817 64.431355590932071 0.49020262993872066 1.5298489024862636 5.0483913887292138 16.668855756521225 11.393038143403826 1.5104278549551953 10.756386150605975 16.591684509068731
leaf_count=2701 3919 39 24 59 53 785 8 44 123 500 184 30 368 433
internal_value=4.65668e-14 0.00288504 -0.0013819 0.0117807 0.0129292 0.0143493 0.0311844 -0.00245864 -0.00188415 -0.00483911 0.00437961 0.00746205 -0.00872618 0.0146142
internal_weight=258.273 216.889 147.151 69.7388 68.3914 65.8553 3.81462 143.336 141.806 96.5063 45.2999 40.2515 12.2668 27.9847
internal_count=9270 6569 5633 936 897 844 32 5601 5557 4419 1138 1015 398 617
is_linear=0
shrinkage=0.05


Tree=31
num_leaves=15
num_cat=0
split_feature=11 4 6 7 7 3 6 2 7 5 5 14 8 0
split_gain=4.01782 2.2718 1.70594 1.34885 2.33285 2.32555 1.88451 3.38894 2.62399 2.35975 2.13651 2.09585 2.0746 1.78877
threshold=0.88202247191011252 -0.15594719991433667 0.013829987631713088 0.036010819136743651 0.045523530815892173 0.062739305605315723 0.027166307926354629 -0.007177499457623914 0.092936800700336678 0.034822836431848934 0.018553394817437573 -0.03558967540609654 0.32288557158147507 0.011322914816120357
decision_type=2 2 2 2 2 2 2 2 2 2 2 2 2 2
left_child=1 -1 -3 5 -5 -2 8 -8 9 10 -6 -9 -13 -12
right_child=3 2 -4 4 6 -7 7 11 -10 -11 13 12 -14 -15
leaf_value=0.02131616686586869 -0.010099275574264084 -0.014359888573253916 -0.0025674405500721643 -0.022469425930185232 -0.0068417235327993048 0.033290656774668879 -0.0095767652202940496 -0.020071984779027604 -0.028072971064554114 -0.039923679806828323 0.03519582095505789 0.043403288132680143 -0.00041561889169470931 0.0018173603310777651
leaf_weight=7.4160444838926187 3.6237484337761989 39.165333114564419 132.41876769904047 5.5246134437620631 9.3767858920618945 11.081115750595925 6.8676479496061829 1.2671304773539365 5.3093464532867065 1.439059069380163 9.4466692283749598 13.226742548868058 3.3109485628083339 6.7035731533542267
leaf_count=185 71 2767 5185 95 194 132 115 22 98 22 108 124 51 101
internal_value=-3.16064e-10 -0.00411064 -0.00532676 0.00946459 0.00605656 0.0226358 0.00916391 0.0192753 0.00108746 0.00762738 0.011712 0.0303215 0.035107 0.022255
internal_weight=256.178 179 171.584 77.1774 62.4725 14.7049 56.9479 24.6725 32.2754 26.9661 25.527 17.8048 16.5377 16.1502
internal_count=9270 8137 7952 1133 930 203 835 312 523 425 403 197 175 209
is_linear=0
shrinkage=0.05


Tree=32
num_leaves=15
num_cat=0
split_feature=11 7 7 11 1 6 9 10 3 3 14 5 12 12
split_gain=3.82325 3.58192 1.68753 1.63125 1.36907 1.40675 1.28936 1.34457 1.26882 1.67053 1.66793 1.79076 1.39719 1.32503
threshold=0.75842696629213491 0.066757675632158744 0.23411600798910373 0.98314606741573041 0.054163132279685063 0.033840345038530291 0.47912478258504648 0.14044943820224723 -0.097396888616253272 -0.0084627382987682558 -0.025300996977612168 0.01786779921613612 -0.38764044943820214 0.23595505617977527
decision_type=2 2 2 2 2 2 2 2 2 2 2 2 2 2
left_child=1 -1 8 4 5 -2 7 -5 -3 10 11 -10 -12 -11
right_child=3 2 -4 6 -6 -7 -8 -9 9 13 12 -13 -14 -15
leaf_value=-0.019515306021768777 0.0028495728494201192 -0.020777921297030363 0.028092479048509911 -0.010367107271425501 0.019975234149618895 -0.032552363809740095 -0.01446742118014456 0.028885529303320268 -0.019107435661989663 -0.022944650805611935 -0.018427745154197411 0.0043930616703464027 0.01313429642042855 0.0023625197318433351
leaf_weight=34.079920829739422 88.522203911561519 7.5377554325386873 3.7717715902253977 2.0120213739574018 10.681188039481638 1.8995050443336357 1.8220364656299342 14.925135206431149 12.612340157385917 11.885660767555239 3.0176772736012927 19.331966856494546 34.351179680321366 8.3536751596257073
leaf_count=2443 1848 333 38 31 175 37 37 138 903 616 121 464 1700 386
internal_value=-2.18023e-10 -0.00575246 -0.000956253 0.00647019 0.00385933 0.00175794 0.019634 0.0239046 -0.00235963 -0.000597001 0.00312173 -0.00518382 0.0101717 -0.0128798
internal_weight=254.804 134.942 100.862 119.862 101.103 90.4217 18.7592 16.9372 97.0903 89.5525 69.3132 31.9443 37.3689 20.2393
internal_count=9270 7004 4561 2266 2060 1885 206 169 4523 4190 3188 1367 1821 1002
is_linear=0
shrinkage=0.05


Tree=33
num_leaves=15
num_cat=0
split_feature=5 11 4 1 3 2 14 12 6 6 3 13 4 6
split_gain=3.44399 2.58614 1.69286 1.31886 1.08851 1.45453 1.69652 1.5365 1.51752 1.38294 1.318 2.2263 1.21077 1.19635
threshold=0.010649446260398689 0.89325842696629221 -0.15594719991433667 -0.060135989332393107 0.10581963769606585 0.041688694334543371 0.022566823884922465 0.11797752808988766 0.017817768502999289 0.01795951711192775 -0.08246298204804918 -0.026503202857854066 -0.11671593278786845 0.019901819915351754
decision_type=2 2 2 2 2 2 2 2 2 2 2 2 2 2
left_child=-1 2 -2 -3 5 6 7 9 -8 -4 11 -11 -13 -9
right_child=1 3 4 -5 -6 -7 8 13 -10 10 -12 12 -14 -15
leaf_value=-0.013218918682701378 0.021082195220290312 -0.027679684695710957 -0.0067941521470951758 0.011698888914407131 -0.036851564987373957 0.011379589095993153 0.0024923013900676047 -0.0038061590738673757 -0.033732847308021764 0.027472315241492257 0.010374114011225857 0.0096483660039957727 -0.033734106191672067 -0.025065683879391384
leaf_weight=40.291969056241214 7.0544304051436475 1.2714422941207875 29.208524428773671 66.224626866634935 1.2713663224130858 16.967115398030728 4.2365028159692866 18.742149914149199 7.3017776645720005 2.048506760969758 41.83382410556078 1.6684592817910013 5.1810921444557589 9.6231255643069726
leaf_count=2701 156 39 1525 897 33 496 264 1031 322 40 1118 46 205 397
internal_value=1.79138e-10 0.00255501 -0.00121629 0.0105638 -0.00249888 -0.00191456 -0.00387529 -0.00184175 -0.0212941 0.00173095 0.00667567 -0.0100038 -0.0232838 -0.0116266
internal_weight=252.925 212.633 145.137 67.4961 138.082 136.811 119.844 108.306 11.5383 79.9404 50.7319 8.89806 6.84955 28.3653
internal_count=9270 6569 5633 936 5477 5444 4948 4362 586 2934 1409 291 251 1428
is_linear=0
shrinkage=0.05


Tree=34
num_leaves=15
num_cat=0
split_feature=5 11 1 12 7 4 5 4 16 2 7 1 7 12
split_gain=3.30893 2.21292 1.28892 1.11619 1.97077 1.83801 1.15319 1.12244 1.29273 1.43188 1.18587 1.97675 1.4943 1.49906
threshold=0.010649446260398689 0.98314606741573041 0.054163132279685063 0.42134831460674166 0.21598335597797544 -0.10201851370653979 0.039307114566529723 0.043849757710266675 0.0097599899450185098 -0.047904994370875968 0.083797876578534672 -0.018630179658710718 0.07760537268537189 -0.24157303370786509
decision_type=2 2 2 2 2 2 2 2 2 2 2 2 2 2
left_child=-1 2 3 4 6 -6 7 8 9 -2 12 -12 13 -9
right_child=1 -3 -4 -5 5 -7 -8 10 -10 -11 11 -13 -14 -15
leaf_value=-0.013035266135747911 0.01321407006304496 0.018772536583671659 0.015624270048686609 -0.014713872003554935 0.045156301005691298 -0.025866062269080493 -0.030326347528918919 0.017956378710705847 -0.00056076683169248526 -0.027888687290873116 -0.019471034064764636 0.036346848889840785 -0.031387285546073687 -0.0013533056443355571
leaf_weight=39.839338701218367 2.1291576735675335 18.034244859591126 12.807453116402028 11.387821262702344 3.2481259293854241 0.45924058090895314 2.0921330200508228 14.580110718030481 102.15797507856041 7.7921631359495205 1.3854233119636772 5.6295502055436364 1.9348776089027513 27.966391172725707
leaf_count=2701 62 196 243 494 26 13 52 250 4124 331 39 71 45 623
internal_value=-3.54518e-10 0.00250395 0.000899574 -0.000223923 0.000830942 0.0327327 -7.50769e-05 0.000493756 -0.00231431 -0.0186656 0.00653304 0.0242692 0.00326384 0.00552426
internal_weight=251.444 211.605 193.57 180.763 169.375 3.70737 165.668 163.576 112.079 9.92132 51.4964 7.01497 44.4814 42.5465
internal_count=9270 6569 6373 6130 5636 39 5597 5545 4517 393 1028 110 918 873
is_linear=0
shrinkage=0.05


Tree=35
num_leaves=15
num_cat=0
split_feature=5 11 4 7 7 4 8 2 10 4 4 16 1 8
split_gain=2.91953 1.88378 1.56167 1.25643 1.99284 2.00796 1.80456 1.76025 1.32695 1.27004 3.19472 1.82442 1.55242 1.2127
threshold=0.010649446260398689 0.89325842696629221 -0.15594719991433667 0.021844861954281928 0.026573269114125945 0.32617339111272775 0.38618836064598011 0.035740237501591617 0.89325842696629221 -0.0082835252488876448 0.055507818566745477 0.015211574711071591 0.044147975590920659 0.45229374046359166
decision_type=2 2 2 2 2 2 2 2 2 2 2 2 2 2
left_child=-1 2 -2 8 -5 6 7 9 -3 -6 11 -11 -12 -8
right_child=1 3 -4 4 5 -7 13 -9 -10 10 12 -13 -14 -15
leaf_value=-0.012333869540390861 0.020378836749792104 -0.020558795400945854 -0.0021323775043146516 -0.038711317559428166 0.035676456261734456 -0.034992009670686004 -0.041874966409408222 0.026377305467791802 0.043354642018564885 -0.040503115652792659 0.014989181201591607 0.01210167093457051 -0.02981951469294879 1.8548441366913623e-06
leaf_weight=39.302616981556639 7.1623386428691438 0.37276344001293127 136.77171251643449 1.3121648170053948 2.4715926786884621 1.5661646611988533 1.2494031367823462 17.774066532030702 3.4244664572179317 4.4748293925076785 23.547444437630478 1.8145134644582865 1.1768075600266446 7.4693300873041153
leaf_count=2701 156 7 5477 25 32 25 25 203 30 87 319 31 15 137
internal_value=-4.23193e-10 0.00234932 -0.000879313 0.00923129 0.00721825 0.00880078 0.0104994 0.0140532 0.0341028 0.00693636 0.00360308 -0.0257482 0.0117801 -0.00969035
internal_weight=249.89 210.588 143.934 66.6535 62.8563 61.5442 59.978 51.2593 3.79723 33.4852 31.0136 6.28934 24.7243 8.71873
internal_count=9270 6569 5633 936 899 874 849 687 37 484 452 118 334 162
is_linear=0
shrinkage=0.05


Tree=36
num_leaves=15
num_cat=0
split_feature=5 11 4 7 7 4 8 2 0 6 7 4 14 2
split_gain=2.6487 1.85369 1.31858 1.23513 1.86063 1.61808 1.56352 1.71235 2.19209 1.77269 1.98756 1.84231 1.49449 1.41353
threshold=0.010649446260398689 0.89325842696629221 -0.15594719991433667 0.021844861954281928 0.026573269114125945 0.32617339111272775 0.38618836064598011 -0.0064805905358337737 0.014933972713257028 0.027166307926354629 0.043500960781582616 0.063794651734372945 -0.03558967540609654 -0.012623070916908672
decision_type=2 2 2 2 2 2 2 2 2 2 2 2 2 2
left_child=-1 2 -2 -3 -5 6 7 8 13 11 -11 -9 -12 -6
right_child=1 3 -4 4 5 -7 -8 9 -10 10 12 -13 -14 -15
leaf_value=-0.011815637903322712 0.018520669598370343 0.034010844791548325 -0.0020951829172479158 -0.038413976673268374 0.013895830420104819 -0.03093295591723897 -0.0086806767454931134 -0.014119504631528041 -0.038696704582514965 -0.029171013577841964 -0.010824603475647378 0.017931797810570436 0.04182369427072561 -0.027840145686244433
leaf_weight=38.890278086764738 7.2197243408299974 3.7132782433181992 137.16497365618125 1.2000047825276841 12.069848326966165 1.5421689338982094 8.6814133618026954 5.28437855374069 2.0685284072533241 0.50608671456575294 1.0969015369191755 15.742632356472312 12.290735010057686 1.4476014506071724
leaf_count=2701 156 37 5477 25 179 25 162 86 41 7 15 209 119 31
internal_value=-2.18916e-10 0.00223349 -0.00094402 0.00913179 0.00712332 0.00863083 0.0101585 0.0135023 -0.000317565 0.0195076 0.0328484 0.00960154 0.0370575 0.00781644
internal_weight=248.919 210.028 144.385 65.6436 61.9303 60.7303 59.1881 50.5067 15.586 34.9207 13.8937 21.027 13.3876 13.5174
internal_count=9270 6569 5633 936 899 874 849 687 251 436 141 295 134 210
is_linear=0
shrinkage=0.05


Tree=37
num_leaves=15
num_cat=0
split_feature=11 7 13 1 3 4 12 4 11 5 9 10 14 14
split_gain=2.38036 3.12121 1.64487 1.37 1.29081 1.42592 1.33866 2.13234 1.29254 1.26784 1.61895 1.8391 1.21919 1.50143
threshold=0.75842696629213491 0.066757675632158744 0.018224333734519798 -0.062741987266042562 -0.0084627382987682558 -0.0054074591510122607 0.23595505617977527 -0.034565724572210292 0.17415730337078653 0.02208106354372321 -0.10795031108305629 0.56741573033707871 -0.025300996977612168 -0.042178112301349553
decision_type=2 2 2 2 2 2 2 2 2 2 2 2 2 2
left_child=1 -1 3 -2 5 9 -6 8 -8 12 -11 -12 13 -3
right_child=2 4 -4 -5 6 -7 7 -9 -10 10 11 -13 -14 -15
leaf_value=-0.017678076866697295 -0.025129581075562957 0.0028646567611948165 -0.022779363921926182 0.007325019563501906 -0.021948777255477791 0.025957455319498904 -0.0094256385683062043 -0.030800244350618788 0.032483621988648757 -0.0078242065750713952 0.02787605392719314 -0.0061133888683060867 0.0036667595326538289 -0.022236942187338793
leaf_weight=32.87729410501197 2.3914056587964287 9.8079547900706547 4.0746058495715252 109.48449608962983 11.120423011016102 5.1278763883747152 2.3183925934135914 2.2213896997272951 4.0500583136454225 8.4266742113977688 12.251951122656466 5.2418420696631065 25.093303996603936 13.404544780962167
leaf_count=2443 76 431 110 2080 617 201 116 128 143 254 223 152 1487 809
internal_value=1.61971e-12 -0.00457705 0.00520289 0.0064148 -9.58861e-05 0.00277381 -0.0112254 0.00349814 0.0180182 0.000848413 0.0095651 0.0179116 -0.00392802 -0.0119505
internal_weight=247.892 131.942 115.951 111.876 99.0644 79.3541 19.7103 8.58984 6.36845 74.2263 25.9205 17.4938 48.3058 23.2125
internal_count=9270 7004 2266 2156 4561 3557 1004 387 259 3356 629 375 2727 1240
is_linear=0
shrinkage=0.05


Tree=38
num_leaves=15
num_cat=0
split_feature=5 11 7 3 8 1 3 14 7 7 4 6 3 6
split_gain=2.21145 1.56258 1.16837 1.24286 1.12106 1.3526 2.4515 1.72613 1.17893 1.5044 1.8719 1.98131 1.46751 1.6919
threshold=0.010649446260398689 0.89325842696629221 0.23411600798910373 -0.095774229776504446 0.9073933762733285 -0.015885841114868401 0.048317111675828535 -0.011410003179673637 0.11453181948349302 0.036010819136743651 0.32617339111272775 0.019815698661440152 0.085957630082607719 0.021616686032077888
decision_type=2 2 2 2 2 2 2 2 2 2 2 2 2 2
left_child=-1 2 -2 -4 5 6 7 -3 9 12 11 -11 13 -7
right_child=1 4 3 -5 -6 8 -8 -9 -10 10 -12 -13 -14 -15
leaf_value=-0.010897705024956194 -0.0016764995692214201 0.021656960382813423 0.038020925470382785 -0.016528435740392554 -0.019501837408632251 -0.01702935188628894 -0.035722155325141579 -0.021220645732010705 0.030109195213926871 -0.020867208675004384 -0.04715576455457237 0.011919606288713344 0.038223966290553815 0.037100837757057983
leaf_weight=38.202206482412294 139.66840220848098 6.7109351931139818 2.6329465378075843 0.80791117995977302 2.5242050802335134 3.2550957072526199 3.3506859214976421 2.4616053365170947 8.0315209487453085 4.6281540864147308 0.72753079794347186 25.577407767996192 6.5065758712589741 1.1864270493388174
leaf_count=2701 5601 103 23 9 55 58 61 50 90 94 12 325 76 12
internal_value=1.26138e-10 0.00204341 -0.000885332 0.024375 0.00841112 0.00982924 -0.00457568 0.00919514 0.0134624 0.0096423 0.00369164 0.00638823 0.0247393 0.00159087
internal_weight=246.272 208.069 143.109 3.44086 64.9601 62.4359 12.5232 9.17254 49.9127 41.8812 30.9331 30.2056 10.9481 4.44152
internal_count=9270 6569 5633 32 936 881 214 153 667 577 431 419 146 70
is_linear=0
shrinkage=0.05


Tree=39
num_leaves=15
num_cat=0
split_feature=6 11 9 3 2 2 1 3 6 2 6 15 5 8
split_gain=2.01863 1.53697 1.29212 1.85817 1.72562 1.91716 1.22398 0.976789 0.937953 0.875299 0.86712 1.06109 1.55056 0.866608
threshold=0.012720068484889937 0.98314606741573041 0.21261674774859121 0.17060225697883682 0.037519786096258174 0.024968989935644118 0.054163132279685063 0.13884063195531995 0.0070573456000657892 -0.058497451245078318 0.030782352420441 0.13888888888888892 0.02208106354372321 1.3133771006012223
decision_type=2 2 2 2 2 2 2 2 2 2 2 2 2 2
left_child=8 6 4 10 5 9 -2 13 -1 -3 11 -4 -13 -8
right_child=1 2 3 -5 -6 -7 7 -9 -10 -11 -12 12 -14 -15
leaf_value=0.022878670761609501 -0.0007136091559788244 -0.018309583346851909 0.024558995530170786 -0.045589394999657973 0.042806524183612971 -0.036687658298921136 0.021750571403873566 -0.020619870573424581 -0.014847195719269511 0.025821908357783099 0.034466105515332031 0.013575965086630729 -0.05259688303821506 -0.02229563358168133
leaf_weight=0.88345845090225594 188.57012689765543 0.64439361356198865 0.95718374941497986 0.95859226491302241 5.3295601345598698 1.1240329816937444 11.79121017036959 0.96639473550021726 25.519204049604014 4.6428375430405149 1.3352169394493101 1.0946893841028211 0.83021698705852021 0.42637003771960813
leaf_count=74 6771 14 10 20 47 16 229 20 1961 51 13 17 16 11
internal_value=2.68337e-10 0.00159623 0.015631 -0.00462524 0.024223 0.00508346 0.000348148 0.0145141 -0.012796 0.0183866 0.0116393 -0.00508999 -0.0231892 0.0186429
internal_weight=245.073 218.671 16.9167 5.1759 11.7408 6.41126 201.754 13.184 26.4027 5.28723 4.21731 2.88209 1.92491 12.2176
internal_count=9270 7235 204 76 128 81 7031 260 2035 65 56 43 33 240
is_linear=0
shrinkage=0.05


end of trees

feature_importances:
volatility_5d=78
rank_pct_20d=74
drawdown_20d=59
momentum_10d=54
momentum_20d=46
market_return_5d=38
volatility_20d=36
momentum_5d=31
volume_change_5d=28
amount_change_5d=25
momentum_3d=21
rank_pct_5d=20
rank_momentum_5d=18
market_breadth_1d=15
market_return_1d=8
market_dispersion_1d=6
momentum_1d=3

parameters:
[boosting: gbdt]
[objective: lambdarank]
[metric: ndcg]
[tree_learner: serial]
[device_type: cpu]
[data_sample_strategy: bagging]
[data: ]
[valid: ]
[num_iterations: 40]
[learning_rate: 0.05]
[num_leaves: 15]
[num_threads: 1]
[seed: 20260720]
[deterministic: 1]
[force_col_wise: 1]
[force_row_wise: 0]
[histogram_pool_size: -1]
[max_depth: -1]
[min_data_in_leaf: 2]
[min_sum_hessian_in_leaf: 0.001]
[bagging_fraction: 1]
[pos_bagging_fraction: 1]
[neg_bagging_fraction: 1]
[bagging_freq: 0]
[bagging_seed: 843]
[bagging_by_query: 0]
[feature_fraction: 1]
[feature_fraction_bynode: 1]
[feature_fraction_seed: 57]
[extra_trees: 0]
[extra_seed: 8811]
[early_stopping_round: 0]
[early_stopping_min_delta: 0]
[first_metric_only: 0]
[max_delta_step: 0]
[lambda_l1: 0]
[lambda_l2: 1]
[linear_lambda: 0]
[min_gain_to_split: 0]
[drop_rate: 0.1]
[max_drop: 50]
[skip_drop: 0.5]
[xgboost_dart_mode: 0]
[uniform_drop: 0]
[drop_seed: 21666]
[top_rate: 0.2]
[other_rate: 0.1]
[min_data_per_group: 100]
[max_cat_threshold: 32]
[cat_l2: 10]
[cat_smooth: 10]
[max_cat_to_onehot: 4]
[top_k: 20]
[monotone_constraints: ]
[monotone_constraints_method: basic]
[monotone_penalty: 0]
[feature_contri: ]
[forcedsplits_filename: ]
[refit_decay_rate: 0.9]
[cegb_tradeoff: 1]
[cegb_penalty_split: 0]
[cegb_penalty_feature_lazy: ]
[cegb_penalty_feature_coupled: ]
[path_smooth: 0]
[interaction_constraints: ]
[verbosity: -1]
[saved_feature_importance_type: 0]
[use_quantized_grad: 0]
[num_grad_quant_bins: 4]
[quant_train_renew_leaf: 0]
[stochastic_rounding: 1]
[linear_tree: 0]
[max_bin: 255]
[max_bin_by_feature: ]
[min_data_in_bin: 3]
[bin_construct_sample_cnt: 200000]
[data_random_seed: 4432]
[is_enable_sparse: 1]
[enable_bundle: 1]
[use_missing: 1]
[zero_as_missing: 0]
[feature_pre_filter: 1]
[pre_partition: 0]
[two_round: 0]
[header: 0]
[label_column: ]
[weight_column: ]
[group_column: ]
[ignore_column: ]
[categorical_feature: ]
[forcedbins_filename: ]
[precise_float_parser: 0]
[parser_config_file: ]
[objective_seed: 7759]
[num_class: 1]
[is_unbalance: 0]
[scale_pos_weight: 1]
[sigmoid: 1]
[boost_from_average: 1]
[reg_sqrt: 0]
[alpha: 0.9]
[fair_c: 1]
[poisson_max_delta_step: 0.7]
[tweedie_variance_power: 1.5]
[lambdarank_truncation_level: 30]
[lambdarank_norm: 1]
[label_gain: 0,1,3,7,15]
[lambdarank_position_bias_regularization: 0]
[eval_at: 1,2,3,4,5]
[multi_error_top_k: 1]
[auc_mu_weights: ]
[num_machines: 1]
[local_listen_port: 12400]
[time_out: 120]
[machine_list_filename: ]
[machines: ]
[gpu_platform_id: -1]
[gpu_device_id: -1]
[gpu_use_dp: 0]
[num_gpu: 1]

end of parameters

pandas_categorical:null
