tree
version=v4
num_class=1
num_tree_per_iteration=1
label_index=0
max_feature_idx=18
objective=lambdarank
feature_names=momentum_1d momentum_3d momentum_5d momentum_10d momentum_20d volume_change_5d amount_change_5d rank_pct_5d rank_pct_20d rank_momentum_5d market_return_1d market_return_5d market_breadth_1d market_dispersion_1d market_volatility_20d rule_time_series_score rule_cross_section_score rule_rank_momentum_score rule_direction_score
feature_infos=[-0.10813718513007242:0.12229216739576731] [-0.18234825421959322:0.27465397817296533] [-0.25743860440229616:0.28092117351019485] [-0.27022648853672249:0.40351170424303073] [-0.28062547585271636:0.58906651566951895] [-0.70556637982934856:5.1127031970119425] [-0.70850366100994711:4.4775219112457263] [0:1] [0:1] [-1:0.97752808988764039] [-0.049585464134470299:0.036012358476607553] [-0.10116671736988472:0.054726216916397064] [0.022222222222222223:0.98888888888888893] [0.0079151013248990945:0.029086357152055337] [0.0039238631080082331:0.060188323905258592] [0:100] [0:100] [0:100] [0:100]
tree_sizes=1747 1731 1742 1742 1746 1748 1744 1750 1741 1735 1747 1748 1743 1744 1751 1738 1744 1741 1757 1744 1746 1735 1732 1728 1733 1733 1747 1738 1759 1754 1736 1741 1748 1757 1735 1748 1738 1735 1757 1731

Tree=0
num_leaves=15
num_cat=0
split_feature=8 3 3 14 11 14 0 5 3 5 7 13 0 8
split_gain=22.13 3.69143 3.48495 3.25643 2.98414 2.38415 1.96979 1.88679 1.86263 1.73605 1.66851 1.66443 1.7544 1.64211
threshold=0.76966292134831471 0.02204332624525818 -0.048171088577467595 0.01795951711192775 -0.043531449693776002 0.023340927537131899 -0.030397057018425707 0.16000640437035121 -0.076049510127061834 0.68009578053867403 0.23033707865168543 0.010468553453093804 -0.018537326397682793 0.061797752808988769
decision_type=2 2 2 2 2 2 2 2 2 2 2 2 2 2
left_child=2 3 8 -2 -3 6 -4 -7 13 10 -6 12 -10 -1
right_child=1 4 5 -5 9 7 -8 -9 11 -11 -12 -13 -14 -15
leaf_value=0.018063760731698891 -0.019158567474573673 -0.031218903867239481 0.01693463747262644 0.022587154774139633 -0.0051497945684693368 0.019978412099585841 -0.018962645940094787 -0.021043015900564135 -0.017861659851754582 0.0014362026186791215 0.048076586083538604 0.003284615715015315 0.045725209670535498 -0.017954249810134364
leaf_weight=3.1043006554245975 5.6174835921265212 0.77575071016326802 3.2505890745669594 15.716555533464996 1.3644325947389067 7.4909135634079558 88.114909512456506 3.2421135795302689 0.81326312199234951 2.5257748565636566 25.649705506395549 25.316831197123975 3.8499728757888105 14.702624830882995
leaf_count=181 330 40 106 660 70 277 4324 143 38 117 946 1179 132 727
internal_value=3.06241e-10 0.0279104 -0.00973901 0.0112294 0.0389159 -0.014913 -0.017516 0.00684973 0.00139441 0.0417196 0.0453004 0.00890311 0.0334399 -0.0110486
internal_weight=201.535 51.6497 149.886 21.334 30.3157 102.099 91.3655 10.733 47.787 29.5399 27.0141 29.9801 4.66324 17.8069
internal_count=9270 2163 7107 990 1173 4850 4430 420 2257 1133 1016 1349 170 908
is_linear=0
shrinkage=0.05


Tree=1
num_leaves=15
num_cat=0
split_feature=8 4 14 14 7 14 8 3 13 5 11 7 4 2
split_gain=72.3777 15.6095 16.5415 10.769 10.3702 6.68617 9.09107 5.86372 6.32829 5.76577 6.4346 5.54678 5.4291 5.40113
threshold=0.76966292134831471 0.16706649897786965 0.025614282555239589 0.017056334415694371 0.29775280898876411 0.017817768502999289 0.97191011235955072 -0.050614262215332599 0.01111560189795251 0.31376516151077433 -0.019375606103095952 0.89325842696629221 0.048335491698715101 -0.019082322983991536
decision_type=2 2 2 2 2 2 2 2 2 2 2 2 2 2
left_child=3 2 5 -1 -4 -2 11 8 -5 13 -11 12 -7 -3
right_child=1 9 4 7 -6 6 -8 -9 -10 10 -12 -13 -14 -15
leaf_value=-0.0314579431465217 -0.013542406993675996 -0.013169254272913673 -0.017574114650100246 0.02935921013432027 0.043755368502730624 0.0078983075117963642 -0.051949073964821783 -0.020054655621582162 -0.0094357805051504557 0.060087371726520303 -0.02305128532312032 -0.0048190220479550428 0.036148632635588145 0.058895004827581691
leaf_weight=116.72725079767406 40.661749788559973 2.4573912024497977 7.4621772244572631 15.546490336768327 48.154737247154117 36.983672415837646 4.6060115518048397 50.566639054566622 27.933902836404741 2.585171646438539 5.6802313011139614 28.362250242382288 31.675954479724169 33.342214221134782
leaf_count=4247 608 33 98 270 299 360 54 1790 800 11 39 241 251 169
internal_value=3.7359e-10 0.0186229 0.0125 -0.0213663 0.0353617 0.00337968 0.0102163 -0.00864176 0.00478363 0.0452344 0.00663065 0.0136674 0.0212634 0.0537249
internal_weight=452.746 241.972 197.907 210.774 55.6169 142.29 101.628 94.047 43.4804 44.065 8.2654 97.0219 68.6596 35.7996
internal_count=9270 2163 1911 7107 397 1514 906 2860 1070 252 50 852 611 202
is_linear=0
shrinkage=0.05


Tree=2
num_leaves=15
num_cat=0
split_feature=8 8 14 6 11 14 4 14 7 5 11 12 12 0
split_gain=76.8434 17.4836 11.9919 8.00129 7.47079 7.06106 6.24284 6.23672 6.20363 5.84479 5.51048 5.50331 6.07547 3.95997
threshold=0.76966292134831471 0.96067415730337091 0.016466635780374893 1.1140212074060301 -0.035833375522273836 0.025614282555239589 -0.044670018413547778 0.029676518121829181 0.28651685393258436 0.41918664732613414 0.011607665470346052 0.88333333333333341 0.93888888888888899 0.024216905708539408
decision_type=2 2 2 2 2 2 2 2 2 2 2 2 2 2
left_child=2 5 6 4 7 -2 -1 -3 -7 13 -4 -6 -13 -10
right_child=1 3 10 -5 11 8 -8 -9 9 -11 -12 12 -14 -15
leaf_value=-0.018167044195116302 0.0043738754350973351 0.03383816166045267 -0.0024861346687099226 -0.040831405273010671 0.058326363715593112 -0.025604047240409801 -0.043862384428121362 -0.051761528542465234 0.051389489814822414 -0.0096261166698567765 -0.02714348664274327 -0.046202436769275726 0.048604431741767359 0.0061898357924825669
leaf_weight=43.163284249138087 94.459952397271991 4.1194792748428872 81.305197667330503 1.9540775939822186 49.065872482024133 4.0065734768286339 58.188095270656049 2.6428609313443303 26.180940303951502 5.846768904477357 30.541454182006419 2.362377179786562 2.3981903167441487 6.2592942826449862
leaf_count=1630 1446 37 2072 28 280 78 2380 25 135 48 1025 27 15 44
internal_value=-2.88554e-10 0.0222631 -0.0208182 0.0439708 0.0473244 0.0120881 -0.0332037 -0.00197444 0.0288184 0.0350203 -0.00940007 0.053441 0.00170419 0.0431142
internal_weight=412.494 199.296 213.198 62.5429 60.5888 136.754 101.351 6.76234 42.2936 38.287 111.847 53.8264 4.76057 32.4402
internal_count=9270 2163 7107 412 384 1751 4010 62 305 227 3097 322 42 179
is_linear=0
shrinkage=0.05


Tree=3
num_leaves=15
num_cat=0
split_feature=8 4 14 14 1 11 10 11 13 3 3 7 5 11
split_gain=67.0747 16.5144 10.678 8.24472 5.50014 5.44517 4.57854 4.47708 5.25714 4.251 4.58675 3.61075 4.4418 3.48273
threshold=0.79213483146067432 0.16706649897786965 0.018231543840972076 0.027166307926354629 -0.062741987266042562 -0.043531449693776002 0.018224333734519798 -0.03558967540609654 0.015211574711071591 -0.050614262215332599 -0.080452338892074801 0.45505617977528096 0.34725465674149408 -0.04312310034346753
decision_type=2 2 2 2 2 2 2 2 2 2 2 2 2 2
left_child=2 3 5 6 -5 -1 -2 8 -6 10 -4 -9 -13 -3
right_child=1 13 9 4 7 -7 -8 11 -10 -11 -12 12 -14 -15
leaf_value=0.0099119247431124716 0.0085659475334219602 -0.03550726058325774 -0.01633492909240955 -0.043194279099688093 -0.050251866599245909 -0.032066877014785 -0.040926605188961636 -0.0011352032085620261 0.033247243490855075 -0.016256110343807164 0.016644490126975078 0.065285547136706229 0.0093910040329468064 0.050303757435600074
leaf_weight=7.8671873742714515 98.347239162772894 0.54636948555707832 15.52408263646066 1.3559354739263643 2.1599393310025325 108.64020634908229 3.9211751641705623 3.2852377714589265 3.6725635649636388 50.391590191051364 28.288766459561884 18.129763368517164 4.8233990594744673 43.878865756094456
leaf_count=294 1359 10 458 23 28 4519 67 54 20 1555 487 108 46 242
internal_value=-1.14725e-10 0.0223375 -0.0191098 0.0134834 0.0346681 -0.029172 0.00629037 0.0391667 -0.000503914 -0.00648972 0.00485523 0.0476797 0.0544222 0.04849
internal_weight=390.832 180.12 210.712 135.695 33.4268 116.507 102.268 32.0709 5.8325 94.2044 43.8128 26.2384 22.9532 44.4252
internal_count=9270 1957 7313 1705 279 4813 1426 256 48 2500 945 208 154 252
is_linear=0
shrinkage=0.05


Tree=4
num_leaves=15
num_cat=0
split_feature=8 8 14 6 1 14 11 4 11 18 10 9 3 3
split_gain=59.3156 9.28787 9.0156 8.12733 5.51894 5.12333 4.71716 4.60989 4.37037 4.32023 3.67195 2.97935 2.67944 3.75146
threshold=0.79213483146067432 0.94943820224719111 0.018231543840972076 1.1140212074060301 -0.058693993568554308 0.025614282555239589 -0.043531449693776002 0.030556875292749756 0.017896972366020097 24.780742270159948 0.021629966209206302 0.15168539325842698 -0.050614262215332599 -0.080452338892074801
decision_type=2 2 2 2 2 2 2 2 2 2 2 2 2 2
left_child=2 5 6 4 -3 -2 -1 -6 11 -7 -9 12 13 -4
right_child=1 3 8 -5 7 9 -8 10 -10 -11 -12 -13 -14 -15
leaf_value=0.006801944971540165 0.0046299624179971348 -0.032061181726667942 -0.010880436363011956 -0.04228158245268606 -0.019423119980258988 -0.032207912749366546 -0.031768478707081209 0.044608839798476019 -0.025816229270677761 0.034964392630779516 -0.039452523450427213 -0.017075227063968239 -0.009045706534962018 0.025255121709544484
leaf_weight=8.2791707203723472 77.639408201444894 2.0085207009688011 9.7731606280431169 2.4945805249735704 2.5289183072745791 1.8554394324310148 96.842085239011794 64.12183030275628 22.837174112908542 25.715617951005697 0.59805022832006116 19.697998517658561 19.299328827299178 21.941629664041102
leaf_count=294 1198 25 310 35 40 52 4519 405 760 192 10 569 571 290
internal_value=-2.72474e-11 0.02099 -0.018708 0.0347648 0.0381023 0.0113569 -0.0286953 0.0406369 -0.00730046 0.0294748 0.0432436 -0.00104401 0.00535538 0.0141275
internal_weight=375.633 176.962 198.671 71.7519 69.2573 105.21 105.121 67.2488 93.5493 27.5711 64.7199 70.7121 51.0141 31.7148
internal_count=9270 1957 7313 515 480 1442 4813 455 2500 244 415 1740 1171 600
is_linear=0
shrinkage=0.05


Tree=5
num_leaves=15
num_cat=0
split_feature=8 14 11 8 11 4 11 5 7 4 9 4 1 14
split_gain=48.2132 11.4441 8.4306 6.12919 4.3383 4.03226 3.95492 3.85265 4.11624 3.58604 3.20429 2.95675 2.43749 3.15749
threshold=0.8370786516853933 0.01795951711192775 -0.043531449693776002 0.94943820224719111 -0.043531449693776002 -0.039273249231956291 0.017210550320282552 0.41053234176487136 0.016853932584269666 0.067411965878545158 0.15168539325842698 0.030556875292749756 -0.060135989332393107 0.02643804622114743
decision_type=2 2 2 2 2 2 2 2 2 2 2 2 2 2
left_child=1 4 5 12 -1 -2 10 8 -5 -6 -3 -10 -4 -14
right_child=2 6 3 7 9 -7 -8 -9 11 -11 -12 -13 13 -15
leaf_value=0.0063682703200116557 0.037849007625570349 0.0071964027354371922 -0.035364648456057537 -0.02855817619883165 -0.032591135514156946 -0.041840484077451355 -0.019259283523883505 0.00061931706985493724 -0.014477181189456368 0.0013743234673071162 -0.016843042290574147 0.043746604402396527 0.0099361054318035987 0.035436533360949998
leaf_weight=8.7771627334877831 1.1793831679970024 64.006169359199703 1.4837209135293949 1.4929835256189097 88.936984969768673 6.4729536371305576 28.58486217726022 7.1083163162693372 1.8158797342330206 8.4194357106462103 16.631059893872589 57.331366791389883 55.025104756467044 15.123534305952488
leaf_count=292 12 1347 25 21 4347 108 870 87 33 271 598 334 792 133
internal_value=2.03581e-11 -0.0150441 0.0219874 0.0248257 -0.0266577 -0.0266037 -0.00361936 0.0355623 0.0395819 -0.0296697 0.00209279 0.0417481 0.0143214 0.0158546
internal_weight=362.389 215.356 147.033 139.381 106.134 7.65234 109.222 67.7485 60.6402 97.3564 80.6372 59.1472 71.6324 70.1486
internal_count=9270 7725 1545 1425 4910 120 2815 475 388 4618 1945 367 950 925
is_linear=0
shrinkage=0.05


Tree=6
num_leaves=15
num_cat=0
split_feature=8 14 4 14 18 5 5 1 2 9 11 11 11 7
split_gain=44.3316 9.7606 5.22639 6.36228 3.70157 5.5118 4.21572 3.29328 3.60197 3.45063 3.14482 2.89349 3.03303 2.8537
threshold=0.8370786516853933 0.017817768502999289 0.16706649897786965 0.025614282555239589 57.899032490877943 -0.17350288833453312 0.41918664732613414 -0.01482102608391289 0.028988300433339335 1.0000000180025095e-35 0.017896972366020097 -0.042178112301349553 0.019329746175432604 0.90449438202247201
decision_type=2 2 2 2 2 2 2 2 2 2 2 2 2 2
left_child=1 11 3 13 5 -5 -6 8 -4 -9 -3 -1 -13 -2
right_child=2 10 7 4 6 -7 -8 9 -10 -11 -12 12 -14 -15
leaf_value=-0.0020947989826103799 0.011675967865986046 0.00049714178507214552 0.024676637165953044 0.035540933054928586 0.052589748461321806 -0.023751834641145202 -0.0011716541621104837 0.047372560784846744 -0.048195190154193476 0.0038744518341700313 -0.018856206541118799 -0.034563008459926069 -0.012209937392395327 -0.011083522291019899
leaf_weight=11.254847808741031 47.390511718578637 82.023072011768818 3.9878182709217063 7.8277283743955195 18.952841180376712 6.130203038454054 4.409275139681994 31.181731535121799 1.5692298226058481 5.5305153597146264 27.187105105258524 65.401325735729188 21.605680139735341 18.355043438728899
leaf_count=394 657 2030 34 80 120 76 53 162 10 46 848 3447 1006 307
internal_value=1.78051e-10 -0.0148075 0.0210951 0.0147777 0.0309855 0.00965309 0.0428114 0.0358012 -0.000113151 0.0410963 -0.00444812 -0.0261603 -0.0292141 0.00525105
internal_weight=352.807 207.472 145.335 103.066 37.32 13.9579 23.3621 42.2693 5.55705 36.7122 109.21 98.2619 87.007 65.7456
internal_count=9270 7725 1545 1293 329 156 173 252 44 208 2878 4847 4453 964
is_linear=0
shrinkage=0.05


Tree=7
num_leaves=15
num_cat=0
split_feature=8 14 8 4 5 14 3 1 3 3 4 4 4 3
split_gain=38.9793 6.33525 6.16997 3.67438 3.6736 3.47225 3.66377 3.12899 2.6455 5.96188 2.70374 2.43097 2.34916 2.2655
threshold=0.79213483146067432 0.015897465013035423 0.94943820224719111 0.031505322004064647 0.41053234176487136 0.017342025016155341 0.10581963769606585 -0.053585238639947512 -0.050614262215332599 -0.080452338892074801 -0.14473399133010131 -0.044670018413547778 0.067411965878545158 0.0266554237431933
decision_type=2 2 2 2 2 2 2 2 2 2 2 2 2 2
left_child=1 11 5 -4 7 13 -7 -5 9 10 -3 -1 -13 -2
right_child=2 8 3 4 -6 6 -8 -9 -10 -11 -12 12 -14 -15
leaf_value=-0.015284274421740372 -0.026708119099922781 0.012085794395845083 -0.026233214846464792 -0.014051245409220878 -0.005183312018771518 0.017061869793656158 -0.027495182811894725 0.038077467018986191 -0.015016569089303043 0.012150420759126535 -0.033457715779835272 -0.038681814204189167 -0.0013575929262248773 0.0067428891681252622
leaf_weight=29.943250403273851 8.6451038406230527 3.6735177142545608 2.1224505081772795 2.5464387023821464 5.8326713973656288 71.461770125664771 4.0441676136106244 55.534144447185099 60.468096971977502 34.583923082798719 13.056071819737552 38.148156864568591 4.8077012086287132 9.9856221601366979
leaf_count=1529 248 106 46 29 83 939 66 357 2257 659 453 2137 172 189
internal_value=1.73768e-10 -0.0156162 0.0179909 0.0296188 0.0318491 0.00960844 0.0143472 0.0355928 -0.00801976 0.00035476 -0.0233396 -0.0269983 -0.0346303 -0.009349
internal_weight=344.853 184.681 160.172 66.0357 63.9133 94.1367 75.5059 58.0806 111.782 51.3135 16.7296 72.8991 42.9559 18.6307
internal_count=9270 7313 1957 515 469 1442 1005 386 3475 1218 559 3838 2309 437
is_linear=0
shrinkage=0.05


Tree=8
num_leaves=15
num_cat=0
split_feature=8 14 11 1 14 4 5 9 7 4 4 4 8 3
split_gain=32.3103 8.87888 7.06461 3.54622 3.50426 4.4891 3.90017 3.89867 3.55358 3.5067 3.17358 3.0997 2.96508 3.01915
threshold=0.89325842696629221 0.01795951711192775 -0.043531449693776002 -0.060135989332393107 0.020581198599587916 0.17941002759768557 0.38618836064598011 -0.44382022471910104 0.016853932584269666 0.32617339111272775 0.065487569921317448 -0.044670018413547778 0.60112359550561811 -0.012381724825791583
decision_type=2 2 2 2 2 2 2 2 2 2 2 2 2 2
left_child=1 10 -2 -4 5 7 8 -5 -6 -10 11 -1 13 -3
right_child=2 12 3 4 6 -7 -8 -9 9 -11 -12 -13 -14 -15
leaf_value=-0.013615499602428539 -0.034866329568765099 -0.0019322128154146104 -0.031685934484183435 0.037214302908188911 -0.027545344126923683 0.042622040137363926 0.0003251867213153198 -0.01440783876907052 0.04129973099339216 -0.017074081134310953 0.00158570947364192 -0.032955739989259582 0.0054359249683987067 -0.025113623141215069
leaf_weight=39.074334825389087 4.1631621043197802 43.909371091518551 1.8089626096189011 3.7736992444843098 1.3996363505721081 6.8080812394618979 8.1149759236723167 14.682560707442462 59.868843515403569 2.1694977506995192 13.082628436386583 49.408158487640321 69.120452167000622 19.783177716657519
leaf_count=1963 80 1244 31 47 17 51 115 237 441 11 367 2745 1260 661
internal_value=1.3201e-10 -0.0102477 0.0232402 0.0260183 0.0274094 0.010832 0.0330326 -0.00248259 0.0371466 0.0390199 -0.021299 -0.0246626 -0.00170048 -0.00940936
internal_weight=337.168 234.378 102.789 98.6263 96.8173 25.2643 71.553 18.4563 63.438 62.0383 101.565 88.4825 132.813 63.6925
internal_count=9270 8240 1030 950 919 335 584 284 469 452 5075 4708 3165 1905
is_linear=0
shrinkage=0.05


Tree=9
num_leaves=15
num_cat=0
split_feature=8 14 11 4 4 8 7 14 1 11 7 6 2 1
split_gain=29.2961 8.47623 5.69891 3.23338 3.08863 2.97881 3.03696 2.96474 3.29174 3.702 2.93981 2.762 2.71304 6.7677
threshold=0.89325842696629221 0.01795951711192775 -0.043531449693776002 0.067411965878545158 -0.044670018413547778 0.98314606741573041 0.039325842696629219 0.020581198599587916 0.05031281160501911 -0.019767899551877553 0.47752808988764051 0.66181446213705097 0.037519786096258174 0.014763046659738046
decision_type=2 2 2 2 2 2 2 2 2 2 2 2 2 2
left_child=1 3 -2 4 -1 6 -4 8 9 -8 -11 12 13 -7
right_child=2 -3 5 -5 -6 11 7 -9 -10 10 -12 -13 -14 -15
leaf_value=-0.013116184355402384 -0.033166793297110246 -0.0013833122665436114 -0.033220223940464338 0.0018091793619376001 -0.032663138622391667 0.04032339211339013 0.024358430272536823 0.027623390890030339 0.045956282807479695 0.020926869558822836 -0.033598191876190626 -0.020865346419936544 0.055453434552543861 -0.04259012802692335
leaf_weight=38.062627285718918 3.5853508422151199 129.96697992039844 1.8488291678950179 13.614144026301799 47.987688227090985 8.8425989113748127 6.2024174258112952 45.898541512899101 2.9403198119252911 2.5410547889769086 8.8706903262063843 1.2776326574385155 15.485844692215322 2.3846270143985739
leaf_count=1963 80 3165 35 349 2763 65 89 428 34 34 140 26 84 15
internal_value=-1.59809e-11 -0.00983029 0.0224744 -0.0207224 -0.0242669 0.0248658 0.0187563 0.0206734 0.00459245 -0.00441033 -0.0207492 0.0386127 0.0421076 0.0206699
internal_weight=329.509 229.631 99.8779 99.6645 86.0503 96.2926 68.3019 66.453 20.5545 17.6142 11.4117 27.9907 26.7131 11.2272
internal_count=9270 8240 1030 5075 4726 950 760 725 297 263 174 190 164 80
is_linear=0
shrinkage=0.05


Tree=10
num_leaves=15
num_cat=0
split_feature=8 14 8 6 4 7 13 11 1 11 11 13 7 11
split_gain=30.107 7.47544 5.15994 3.35785 2.88833 2.64962 2.6402 2.56214 2.55175 2.21576 2.0715 2.89021 2.0634 2.05414
threshold=0.89325842696629221 0.01795951711192775 0.98314606741573041 0.47912478258504648 0.10256734289101889 0.14044943820224723 0.015777744436215897 -0.043531449693776002 -0.05243314381154434 -0.035833375522273836 -0.043531449693776002 0.01606357976479186 0.039325842696629219 0.017210550320282552
decision_type=2 2 2 2 2 2 2 2 2 2 2 2 2 2
left_child=1 4 7 5 6 -4 8 -2 -1 -7 -8 -12 -9 -3
right_child=2 13 3 -5 -6 9 10 12 -10 -11 11 -13 -14 -15
leaf_value=0.013866180037083951 -0.028812839966784923 0.0016176771693644566 0.0035359148203729881 -0.014645433013986048 0.011763611088385851 -0.0024377662145548978 0.028220481754738458 -0.027668747912622124 -0.028801719448898117 0.05455161091977289 0.018897908691181263 -0.025089731435995456 0.018611461144560758 -0.012692675269329707
leaf_weight=3.1206678366288534 2.3097865809686473 97.222828399389982 3.5895920898765388 2.1293890438973895 5.9816972138360134 1.749466084875176 2.7957508442923453 1.6460701152682293 69.658270839601755 22.425269765779369 4.4282634123228517 11.814505022950469 63.670038134790957 32.710479405708611
leaf_count=138 64 2206 31 37 134 23 109 35 3754 115 271 669 725 959
internal_value=3.61217e-11 -0.00995314 0.0231082 0.0401888 -0.0203203 0.0447572 -0.0225147 0.0150822 -0.026809 0.0504944 -0.00557984 -0.0126969 0.0170455 -0.00205435
internal_weight=325.252 227.732 97.5196 29.8937 97.7992 27.7643 91.8175 67.6259 72.7789 24.1747 19.0385 16.2428 65.3161 129.933
internal_count=9270 8240 1030 206 5075 169 4941 824 3892 138 1049 940 760 3165
is_linear=0
shrinkage=0.05


Tree=11
num_leaves=15
num_cat=0
split_feature=8 14 8 4 6 7 7 8 3 3 13 3 13 13
split_gain=26.7372 6.50891 4.28321 2.43685 2.36697 2.68902 2.05391 1.91801 2.40627 3.35466 2.75892 1.82336 1.7837 1.84602
threshold=0.89325842696629221 0.014902218570574105 0.98314606741573041 0.10256734289101889 0.47912478258504648 0.14044943820224723 0.039325842696629219 0.79213483146067432 -0.050614262215332599 -0.076049510127061834 0.014376143588034742 0.10189132635698729 0.015777744436215897 0.01606357976479186
decision_type=2 2 2 2 2 2 2 2 2 2 2 2 2 2
left_child=1 3 6 12 5 -4 -2 8 9 -3 -11 -9 -1 -14
right_child=2 7 4 -5 -6 -7 -8 11 -10 10 -12 -13 13 -15
leaf_value=-0.029522168304932775 -0.030290932941239215 -0.014928179872458182 -0.00034244625101551739 0.014245982453935485 -0.010373308550548794 0.047058709015200366 0.016105836730977648 0.0075178398233001313 -0.013497544502090808 0.01937743539480722 -0.012882611778258416 -0.033947458681119168 0.022947819906093875 -0.01779003932914348
leaf_weight=47.86981774866581 1.5799433016218234 19.680684637278318 3.3809928875416579 3.5652156192809334 2.0055997027084222 24.075117196887732 64.680345844943076 40.880832178983837 66.343735181726515 23.420321781188253 8.3021732075139862 1.8465125206857909 2.8144944491796187 9.7210644260048849
leaf_count=2728 38 688 31 78 37 138 786 684 2647 454 222 37 170 532
internal_value=-4.80897e-11 -0.00943473 0.021991 -0.0227934 0.0376645 0.0414147 0.0145656 -0.00400133 -0.00727878 0.000851894 0.0107989 0.0049905 -0.0251759 -0.00762391
internal_weight=320.167 224.445 95.722 63.9706 29.4617 27.4561 66.2603 160.474 117.747 51.4032 31.7225 42.7273 60.4054 12.5356
internal_count=9270 8240 1030 3508 206 169 824 4732 4011 1364 676 721 3430 702
is_linear=0
shrinkage=0.05


Tree=12
num_leaves=15
num_cat=0
split_feature=8 8 3 13 11 12 0 6 6 14 14 4 11 7
split_gain=22.5885 5.11325 4.30133 2.8515 2.75207 2.32449 2.3446 2.23709 2.51567 2.13501 3.01435 3.44847 2.64569 2.62831
threshold=0.79213483146067432 0.98314606741573041 -0.048171088577467595 0.0140521679336652 -0.04312310034346753 0.28333333333333338 -0.039180673077674637 0.47912478258504648 -0.34740354165014536 0.035481725254819206 0.025614282555239589 0.049612904056594138 0.011607665470346052 0.050561797752808994
decision_type=2 2 2 2 2 2 2 2 2 2 2 2 2 2
left_child=2 9 3 -1 -3 6 -5 8 -6 10 11 -2 -11 -12
right_child=1 4 -4 5 7 -7 -8 -9 -10 12 13 -13 -14 -15
leaf_value=0.0065033342331296115 -0.0073661866207093158 -0.028755096314276408 -0.0185265653147791 0.0035979335681364088 -0.0065061173011633422 -0.001015614958399673 -0.041942240444546509 -0.011979923556457446 0.044730694356248324 -0.060095342540775837 -0.028111427252570809 0.013761062921034968 0.013250556199127406 0.02710869484714519
leaf_weight=38.650374915450811 30.766739644110203 1.0091609144583369 104.2620026753284 3.7479808079078785 2.3931698501110139 16.011418728623539 8.8957600295543688 1.8106980090960849 23.596182776615024 1.4489915296435349 1.5212087384425128 48.725274808704853 1.8862631041556595 30.369123794138432
leaf_count=1194 622 18 5023 108 17 600 388 35 136 17 38 752 19 303
internal_value=-1.81535e-10 0.0145823 -0.0122128 -0.00230413 0.0330999 -0.0140024 -0.0291685 0.0362658 0.0399464 0.00968604 0.0109428 0.00559401 -0.0251262 0.0237
internal_weight=315.094 143.527 171.568 67.3055 28.8092 28.6552 12.6437 27.8001 25.9894 114.718 111.382 79.492 3.33525 31.8903
internal_count=9270 1957 7313 2290 206 1096 496 188 153 1751 1715 1374 36 341
is_linear=0
shrinkage=0.05


Tree=13
num_leaves=15
num_cat=0
split_feature=8 8 3 13 11 6 14 3 5 7 1 14 10 11
split_gain=18.8743 4.83765 3.92739 2.9773 2.70771 2.62555 2.08553 2.45881 2.31043 2.32461 2.28566 2.59462 2.42527 2.98542
threshold=0.79213483146067432 0.98314606741573041 -0.048171088577467595 0.0140521679336652 -0.035833375522273836 0.47912478258504648 0.017342025016155341 0.062739305605315723 0.9073933762733285 0.89325842696629221 0.029048955278489278 0.035481725254819206 0.018224333734519798 0.015525611765253496
decision_type=2 2 2 2 2 2 2 2 2 2 2 2 2 2
left_child=2 6 3 -1 -3 -6 7 -2 10 -10 11 12 13 -8
right_child=1 4 -4 -5 5 -7 8 -9 9 -11 -12 -13 -14 -15
leaf_value=0.0068796434316318079 -0.017771772051705517 -0.013240149535993631 -0.017373386526726639 -0.013818937176876487 0.040832666335449949 -0.018742037288582477 0.016754847692846516 0.018863148544666516 0.02705845358757546 -0.045472256394001619 0.026138716167993709 -0.041812012685191621 -0.031598247086356182 -0.012734309971461175
leaf_weight=40.004511734005064 13.119457134045662 2.5118817063048509 101.40539056481794 29.171399367041886 23.593362821266059 1.4370800023898471 53.101511393208057 5.8373293355107299 0.84649142809212152 2.4183597788214684 24.573588257655501 1.524581848643719 2.3885928047820917 9.4387845396995527
leaf_count=1194 378 32 5023 1096 143 31 657 96 8 48 330 23 48 163
internal_value=-4.66354e-10 0.0134985 -0.0111549 -0.00192146 0.0319539 0.0368237 0.00876972 -0.00611091 0.0117941 -0.0247318 0.0133587 0.00831537 0.0101087 0.0121739
internal_weight=311.372 140.791 170.581 69.1759 27.5423 25.0304 113.249 18.9568 94.2919 3.26485 91.0271 66.4535 64.9289 62.5403
internal_count=9270 1957 7313 2290 206 174 1751 474 1277 56 1221 891 868 820
is_linear=0
shrinkage=0.05


Tree=14
num_leaves=15
num_cat=0
split_feature=8 8 14 12 12 6 7 4 11 14 11 9 7 4
split_gain=17.9979 3.39791 3.27951 2.59605 2.2482 2.09664 2.37984 1.87616 2.33682 1.87069 1.67717 1.61294 1.44648 1.42591
threshold=0.79213483146067432 0.98314606741573041 0.014902218570574105 0.02777777777777778 0.90555555555555567 0.47912478258504648 0.14044943820224723 -0.043959758678102583 -0.025300996977612168 0.013207914920603135 -0.042178112301349553 0.056179775280898826 1.0000000180025095e-35 0.10256734289101889
decision_type=2 2 2 2 2 2 2 2 2 2 2 2 2 2
left_child=2 9 7 -3 5 6 -5 8 10 -2 -1 -10 -11 -9
right_child=1 3 -4 4 -6 -7 -8 13 11 12 -12 -13 -14 -15
leaf_value=0.0016541565586710054 -0.02021880245010698 -0.036788351757941283 -0.0060050059811877681 -0.0032131407223118095 -0.016135645799549844 -0.014792516370165093 0.044974199670915815 -0.031189364768671787 -0.013439515497290716 -0.036194480401228531 -0.036591795179654572 0.021961987949169537 0.011255753741200835 0.0095372099967226363
leaf_weight=4.1630010083317757 4.2476851521059862 0.64229285717010753 113.59943503746763 2.7656883373856642 1.7158904122188676 1.4317743508145202 20.372545981779695 30.122373913880441 4.8411976699717325 0.68158417195081611 7.646810838487001 6.333249693736434 106.93265698105097 1.8698600791394699
leaf_count=201 136 8 4011 26 24 29 119 1960 287 22 445 363 1593 46
internal_value=-3.1223e-11 0.0132828 -0.0109497 0.0289636 0.0318596 0.0357114 0.0393199 -0.0208771 -0.00939416 0.00928477 -0.0240333 0.00678058 0.0106248 -0.0285921
internal_weight=307.366 138.79 168.576 26.9282 26.2859 24.57 23.1382 54.9765 22.9843 111.862 11.8098 11.1744 107.614 31.9922
internal_count=9270 1957 7313 206 198 174 145 3302 1296 1751 646 650 1615 2006
is_linear=0
shrinkage=0.05


Tree=15
num_leaves=15
num_cat=0
split_feature=8 11 14 5 18 14 5 7 1 11 4 7 3 8
split_gain=15.4276 4.84475 3.84468 2.51336 3.24537 2.14838 3.14845 2.41297 2.08493 2.11336 2.05351 1.71027 1.67196 1.84159
threshold=0.89325842696629221 -0.043531449693776002 0.014902218570574105 0.31376516151077433 73.58635653807211 0.020037308647815982 0.079248739250854308 0.039325842696629219 0.044147975590920659 0.038909747882340862 0.22243687806385651 0.89325842696629221 0.096754432333361576 0.60112359550561811
decision_type=2 2 2 2 2 2 2 2 2 2 2 2 2 2
left_child=2 -2 -1 4 5 6 -3 -7 9 -9 -10 -5 13 -4
right_child=1 3 12 11 -6 7 -8 8 10 -11 -12 -13 -14 -15
leaf_value=-0.017939401668387242 -0.034474543265580686 0.011902604619335403 -0.007518876376685398 0.031880547865554457 0.03979678307357732 -0.020535663270267304 -0.042159354499850289 0.030681635879553849 0.014425346733314094 -0.035231758472320247 -0.052280609716408799 -0.0067983512487623772 -0.035982938867686894 0.0034935322455343248
leaf_weight=60.194121458102018 3.4565231492742887 9.4719046624377352 78.102926516905427 2.5999366696923962 20.994429022073746 2.4116475926712146 2.6281863423064342 32.432534504681826 2.3874467313289638 0.462066650390624 0.7987062707543372 12.888806667178867 2.7717805579304686 72.149755958933383
leaf_count=3508 80 145 2952 33 177 48 48 276 22 8 5 188 70 1710
internal_value=-2.48793e-10 0.0171821 -0.00734166 0.0196008 0.023503 0.0161012 -0.00216174 0.0217515 0.0250556 0.0287436 -0.0107909 0.00123399 -0.0030835 -0.0022427
internal_weight=303.751 90.5322 213.219 87.0757 71.5869 50.5925 12.1001 38.4924 36.0808 32.8946 3.18615 15.4887 153.024 150.253
internal_count=9270 1030 8240 950 729 552 193 359 311 284 27 221 4732 4662
is_linear=0
shrinkage=0.05


Tree=16
num_leaves=15
num_cat=0
split_feature=8 11 14 1 5 3 14 1 1 11 4 13 6 14
split_gain=15.4172 4.47989 3.63489 2.43223 2.28743 2.92504 3.69146 3.50138 2.76009 1.85261 1.68756 1.93751 1.61143 1.76453
threshold=0.89325842696629221 -0.043531449693776002 0.013829987631713088 -0.060135989332393107 0.31376516151077433 0.082054056327812055 0.030782352420441 -0.035745587541255446 -0.027401119360345168 -0.011410003179673637 0.10256734289101889 0.015777744436215897 0.30477525867594885 0.023340927537131899
decision_type=2 2 2 2 2 2 2 2 2 2 2 2 2 2
left_child=2 -2 10 -3 5 6 7 9 -7 -5 11 -1 13 -9
right_child=1 3 -4 4 -6 8 -8 12 -10 -11 -12 -13 -14 -15
leaf_value=-0.026931009817472425 -0.036103171956833498 -0.031489286927603118 -0.0037516721581271743 0.050573375241048685 0.0029304923858895068 -0.024482939321464739 0.042477373954050712 0.0056779027574507396 0.041178480928942357 -0.016492911560104611 0.014800639334753478 -0.001148245438553779 0.028054878337867607 -0.020789911262841222
leaf_weight=35.398028472904116 2.8691845498979083 1.4260412696748961 164.33431254373863 4.862793430685997 15.016625532880424 1.0702968724072004 9.1683811629191023 15.349759239703429 25.137384604662657 0.74769868422298813 2.7145473286509505 9.2250064914114756 3.384398838505148 9.3234292026609165
leaf_count=2205 80 31 5438 37 218 13 69 228 211 12 63 534 29 102
internal_value=1.24884e-10 0.0174278 -0.00732245 0.0196211 0.0208482 0.0246477 0.015987 0.00775611 0.0376956 0.0404927 -0.0193845 -0.0217429 4.17427e-05 -0.00474389
internal_weight=300.028 88.356 211.672 85.4868 84.0608 69.0441 42.8365 33.6681 26.2077 5.61049 47.3376 44.623 28.0576 24.6732
internal_count=9270 1030 8240 950 919 701 477 408 224 49 2802 2739 359 330
is_linear=0
shrinkage=0.05


Tree=17
num_leaves=15
num_cat=0
split_feature=8 11 14 1 5 3 14 17 1 11 9 8 4 13
split_gain=13.8229 3.64003 3.24666 2.22078 2.02684 2.27446 3.02126 3.37686 2.48156 1.85688 1.70916 1.49773 1.48371 1.88557
threshold=0.89325842696629221 -0.043531449693776002 0.013829987631713088 -0.060135989332393107 0.31376516151077433 0.082054056327812055 0.019815698661440152 1.1235955056179778 -0.027401119360345168 0.019329746175432604 -0.51123595505617958 0.93820224719101131 0.10256734289101889 0.015777744436215897
decision_type=2 2 2 2 2 2 2 2 2 2 2 2 2 2
left_child=2 -2 12 -3 5 6 7 -5 -7 -8 -11 -9 13 -1
right_child=1 3 -4 4 -6 8 9 11 -10 10 -12 -13 -14 -15
leaf_value=-0.02591444529603967 -0.035224724829685444 -0.031247346121516174 -0.0035343601974524852 0.030644059877537041 0.0028998626710870518 -0.025096990814085476 0.027792570127469215 -0.0055949063256740782 0.038327132584133151 -0.03953418686908404 0.014417500785253588 -0.050458387976294511 0.013288322650460482 -0.0005561642718383763
leaf_weight=34.528454496059567 2.3609928470104924 1.3250879943370808 164.4361541015096 3.0106343850493413 14.927315779961644 0.97795209288597362 27.19495978392661 4.6024246094748378 24.779634123668075 1.307278038933873 3.1123470868915311 2.4915968086570501 2.8012283481657496 9.2924964781850559
leaf_count=2205 80 31 5438 36 218 13 252 85 211 22 34 48 63 534
internal_value=-7.43215e-11 0.0167714 -0.00688784 0.018636 0.0198032 0.0234456 0.015615 -0.00762052 0.0350711 0.0230475 -0.00589092 -0.0256393 -0.018393 -0.0206695
internal_weight=297.149 86.0902 211.058 83.7292 82.4041 67.4768 41.7192 10.1047 25.7576 31.6146 4.41963 7.09402 46.6222 43.821
internal_count=9270 1030 8240 950 919 701 477 169 224 308 56 133 2802 2739
is_linear=0
shrinkage=0.05


Tree=18
num_leaves=15
num_cat=0
split_feature=8 8 4 14 12 14 12 11 6 13 10 11 13 11
split_gain=12.7599 2.99009 2.98639 2.30453 2.28509 2.04048 1.85358 1.79171 1.98555 1.5692 1.64427 1.86574 1.5176 1.58887
threshold=0.79213483146067432 0.98314606741573041 -0.056501016418926679 0.015655661286840445 0.90555555555555567 0.019489293854912489 0.90555555555555567 -0.030579894156827585 0.47912478258504648 0.0140521679336652 -0.012204698548717976 -0.045353003315025696 0.015777744436215897 -0.043531449693776002
decision_type=2 2 2 2 2 2 2 2 2 2 2 2 2 2
left_child=2 -2 4 -4 9 -6 7 -3 -9 10 11 -1 -11 -14
right_child=1 6 3 -5 5 -7 -8 8 -10 12 -12 -13 13 -15
leaf_value=-0.024902264537479936 0.0078884438082633002 -0.0028940461916715622 -0.025045859928081112 -0.0084996605958385998 0.04374593910328535 0.0024666620742587997 -0.016472147197865963 0.040768869945567832 -0.016415927201486914 -0.023692667513907521 -0.0082130376508556171 0.021596204243780087 0.021051408673301641 -0.01137520921259573
leaf_weight=1.714306954294442 107.13411962613463 3.1710632545873585 36.085680370219052 52.514975671190768 3.6305391672067335 8.8387052817270142 1.6296018008142699 17.785719890147451 1.126589786261319 16.114382536616176 16.130433040671051 12.117612113244833 4.2728560743853476 12.383609498850999
leaf_count=54 1751 38 2436 1843 103 297 24 119 25 714 716 453 121 576
internal_value=-2.01879e-10 0.0115936 -0.00927523 -0.015443 -0.00190131 0.016841 0.0273369 0.0311433 0.0367091 -0.00583244 0.00242247 0.0145428 -0.0132281 -0.00233571
internal_weight=294.65 130.847 163.803 88.6007 75.2024 12.4692 23.713 22.0834 18.9123 62.7332 29.9624 13.8319 32.7708 16.6565
internal_count=9270 1957 7313 4279 3034 400 206 182 144 2634 1223 507 1411 697
is_linear=0
shrinkage=0.05


Tree=19
num_leaves=15
num_cat=0
split_feature=8 14 11 13 6 3 1 14 11 1 11 0 9 4
split_gain=10.8572 2.69775 2.4438 2.1239 2.01284 2.33763 2.68955 2.65387 2.50364 2.03634 2.00971 1.77687 1.72574 1.65412
threshold=0.89325842696629221 0.01795951711192775 -0.043531449693776002 0.015777744436215897 0.93656469407310594 0.076547958936011865 -0.013923328889812124 0.030782352420441 -0.013527143608736367 -0.033968234744379204 0.011607665470346052 -0.019245288468707041 1.0000000180025095e-35 0.10256734289101889
decision_type=2 2 2 2 2 2 2 2 2 2 2 2 2 2
left_child=1 3 -2 13 5 7 -7 8 9 -4 -6 -10 -11 -1
right_child=2 -3 4 -5 10 6 -8 -9 11 12 -12 -13 -14 -15
leaf_value=-0.019049063598170414 -0.029830998249654923 -0.0012345761445153583 0.040116550727679355 0.0019669896373298006 -0.044310677592509937 -0.017553245965294961 0.032766587548619878 0.033034410071839007 0.020555744388624692 -0.0060511744805607703 0.015995073327673869 -0.016067440494293657 0.031630119019781563 0.0084705404298557937
leaf_weight=63.084098452702165 2.0442816950380793 121.10169172752649 5.3600930813699987 19.042480753269047 1.7907594637945288 2.2927513010799911 29.427711982280016 9.4500990258529765 3.277171352878212 9.667558214627201 1.9730851445347068 14.789359575137501 3.2819987693801513 5.4099657982587805
leaf_count=3892 80 3165 45 1050 37 33 285 87 34 129 29 236 35 133
internal_value=7.60858e-11 -0.0060951 0.0151475 -0.0127295 0.016627 0.0183927 0.0287042 0.0107946 0.00428775 0.0168845 -0.0159757 -0.00869451 0.0050818 -0.0167848
internal_weight=291.993 208.638 83.3549 87.5365 81.3106 77.5467 31.7205 45.8263 36.3762 18.3097 3.76384 18.0665 12.9496 68.4941
internal_count=9270 8240 1030 5075 950 884 318 566 479 209 66 270 164 4025
is_linear=0
shrinkage=0.05


Tree=20
num_leaves=15
num_cat=0
split_feature=8 8 4 12 6 14 6 2 1 4 11 9 14 3
split_gain=9.88099 2.75994 2.49497 2.92386 1.88009 1.81962 1.58769 1.72964 2.42719 2.04412 1.62247 1.57066 1.43897 1.78449
threshold=0.79213483146067432 0.98314606741573041 -0.063866747768792073 0.89444444444444449 -0.14466603112885376 0.015655661286840445 0.47912478258504648 0.037519786096258174 0.014763046659738046 0.088163373190838681 -0.035833375522273836 0.011235955056179791 0.017342025016155341 0.0266554237431933
decision_type=2 2 2 2 2 2 2 2 2 2 2 2 2 2
left_child=2 12 3 -1 -5 -4 7 8 9 -3 -11 -9 13 -2
right_child=1 6 5 4 -6 -7 -8 11 -10 10 -12 -13 -14 -15
leaf_value=-0.0058736589321209624 -0.023776475613113839 -0.035664102075249351 -0.021947461597232959 -0.0083310979963282846 0.031491774679667593 -0.007578100051495543 -0.015209594319425444 0.046836649897605692 -0.033806800678815502 -0.015647710551539941 0.039293735998997825 -0.010586554390932201 0.0094415699348188373 0.0067863515283739413
leaf_weight=55.636504078749567 7.0616993317380574 0.50018728710711524 37.080737005919218 3.7313831970095626 8.8636304438114148 56.43322931881994 1.5831420011818398 10.750674323178824 1.4581639906391499 1.0725481305271412 6.4060620740056011 0.95893478021025735 87.002658922225237 10.928737554699181
leaf_count=2329 262 8 2575 131 257 2021 37 70 19 14 48 10 1277 212
internal_value=-2.45914e-10 0.0103515 -0.00818744 -0.000887716 0.0199489 -0.0134479 0.0258036 0.0294221 0.0116869 0.0228403 0.0304981 0.0416711 0.00679438 -0.00583063
internal_weight=289.468 127.723 161.745 68.2315 12.595 93.514 22.7297 21.1466 9.43696 7.9788 7.47861 11.7096 104.993 17.9904
internal_count=9270 1957 7313 2717 388 4596 206 169 89 70 62 80 1751 474
is_linear=0
shrinkage=0.05


Tree=21
num_leaves=15
num_cat=0
split_feature=8 1 14 5 18 5 12 7 11 0 7 1 12 14
split_gain=8.62243 2.78061 2.05762 2.05732 1.93204 2.58255 1.8281 1.77499 1.86729 2.19251 1.68582 1.61864 1.61358 1.5196
threshold=0.89325842696629221 -0.060135989332393107 0.013829987631713088 0.31376516151077433 58.409991887119091 0.17222475114562566 0.90555555555555567 0.85955056179775291 0.027736781837370026 0.013864198852070466 0.89325842696629221 0.040242601445627753 0.67222222222222239 0.027166307926354629
decision_type=2 2 2 2 2 2 2 2 2 2 2 2 2 2
left_child=2 -2 -1 4 5 7 12 8 9 -3 -5 -8 13 -6
right_child=1 3 -4 10 6 -7 11 -9 -10 -11 -12 -13 -14 -15
leaf_value=-0.014863285215926201 -0.037646396853325353 0.025937675025551971 -0.0027640326499224791 0.029187242769495789 0.0096369275544052509 -0.048695311962869331 0.015757799389858603 -0.033201538960136112 -0.028314716335032325 -0.013153820498907752 -0.0096565389996382724 -0.041081656735047267 0.045776275795016461 0.035546981762649234
leaf_weight=44.10476956050843 1.6274240110069502 18.734024048782899 162.19578897021711 2.5506341066211453 14.515383097343149 0.89861712697893281 2.3417138899676497 1.1050319871865202 1.3934520445764054 3.7327618431299916 12.124286555685101 1.0359549224376676 10.572486609220503 9.5699028531089407
leaf_count=2802 41 225 5438 34 190 16 31 21 24 50 200 11 102 85
internal_value=1.31586e-10 0.0138111 -0.00540994 0.0153366 0.0191604 0.00817033 0.0262329 0.0120138 0.0153591 0.019159 -0.00147382 -0.00707736 0.0295867 0.0209385
internal_weight=286.502 80.2017 206.301 78.5742 63.8993 25.8639 38.0354 24.9653 23.8602 22.4668 14.6749 3.37767 34.6578 24.0853
internal_count=9270 1030 8240 989 755 336 419 320 299 275 234 42 377 275
is_linear=0
shrinkage=0.05


Tree=22
num_leaves=15
num_cat=0
split_feature=8 1 14 11 14 6 11 8 12 13 14 8 2 3
split_gain=8.02699 2.18083 1.95196 1.84035 1.54157 1.4184 1.55368 1.42383 2.26189 1.25315 1.21538 2.23621 1.6572 1.63167
threshold=0.89325842696629221 -0.060135989332393107 0.013829987631713088 -0.043531449693776002 0.013362417175606165 0.93656469407310594 0.011607665470346052 0.98314606741573041 0.90555555555555567 0.01101168521221753 0.021686267123913344 0.96067415730337091 0.032433103590560626 0.11204182192468339
decision_type=2 2 2 2 2 2 2 2 2 2 2 2 2 2
left_child=2 -2 -1 -3 -5 7 -7 10 -9 -10 13 -12 -13 -6
right_child=1 3 -4 4 5 6 -8 8 9 -11 11 12 -14 -15
leaf_value=-0.01452267036574276 -0.033193524232530289 -0.026009673787950351 -0.0026561413840535306 -0.027252964944427367 -0.0016111575963787339 -0.039557045666730337 0.015116695593933882 0.034510181636943631 0.017842987587274216 -0.048356824180451299 0.02904451465861246 -0.019911693739665844 0.018191108488136015 0.033337117513902573
leaf_weight=43.314559204038233 1.5283702840097237 1.822042881976812 162.109431526158 1.1507741585373867 18.770869061350826 1.4433456771075719 1.9550623111426828 18.310516548343006 0.56973149627447017 0.62266302853822708 20.594064031727616 4.4920731112360937 4.9401401355862617 3.0417825859040013
leaf_count=2802 41 70 5438 30 278 35 29 140 5 7 241 57 59 38
internal_value=-1.78945e-10 0.0134196 -0.00521648 0.0147464 0.0160504 0.0170682 -0.0118181 0.0185885 0.0300421 -0.0230151 0.0137924 0.0201729 -0.000124494 0.0045101
internal_weight=284.665 79.2414 205.424 77.7131 75.891 74.7402 3.39841 71.3418 19.5029 1.19239 51.8389 30.0263 9.43221 21.8127
internal_count=9270 1030 8240 989 919 889 64 825 152 12 673 357 116 316
is_linear=0
shrinkage=0.05


Tree=23
num_leaves=15
num_cat=0
split_feature=8 1 14 5 18 12 5 11 0 0 14 3 4 8
split_gain=7.72819 1.84241 1.73901 1.71132 1.86351 1.97551 2.03933 1.68233 1.83992 1.82556 1.56798 3.98791 3.09653 2.78853
threshold=0.89325842696629221 -0.060135989332393107 0.010704942893851608 0.31376516151077433 58.409991887119091 0.11666666666666668 -0.25481057373135413 0.017896972366020097 0.0231773760791163 0.013864198852070466 0.020581198599587916 0.10581963769606585 0.32617339111272775 0.93820224719101131
decision_type=2 2 2 2 2 2 2 2 2 2 2 2 2 2
left_child=2 -2 -1 4 5 6 -3 9 -9 -7 11 13 -12 -6
right_child=1 3 -4 -5 10 7 -8 8 -10 -11 12 -13 -14 -15
leaf_value=-0.021496892965956273 -0.030546042351255982 0.024666333263300724 -0.0037779082272924982 -0.0010840120897398289 0.0095214975304654687 0.025303783468795533 -0.03970758325128193 -0.039394689448893704 0.02929065068815781 -0.013190552198052423 0.03517084117130425 0.038778679716848861 -0.034849859128019599 -0.051713339887068423
leaf_weight=14.018163200933484 1.4258725913241495 0.99434565752744708 191.11581939086318 14.168543091043828 3.6906177708879095 15.636948074214166 2.9526010155677822 1.9543940443545573 0.60078150779008854 3.1183924200013271 25.273735024966303 4.6130644027143717 0.9034651517868032 2.2927406337112188
leaf_count=952 41 9 7288 234 65 184 49 36 6 52 251 43 13 47
internal_value=1.11224e-10 0.0133371 -0.00508718 0.0145433 0.0180734 0.00721316 -0.0217821 0.013319 -0.0195488 0.0185597 0.0251441 0.00793782 0.0315608 -0.017988
internal_weight=282.759 77.6255 205.134 76.1996 62.0311 25.2575 3.94695 21.3105 2.55518 18.7553 36.7736 10.5964 26.1772 5.98336
internal_count=9270 1030 8240 989 755 336 58 278 42 236 419 155 264 112
is_linear=0
shrinkage=0.05


Tree=24
num_leaves=15
num_cat=0
split_feature=8 11 14 5 18 14 4 3 4 1 12 3 5 14
split_gain=7.45617 1.77257 1.60024 1.41212 2.14227 1.82041 2.84688 1.5526 1.47994 1.70009 1.45085 1.62926 1.42676 1.36877
threshold=0.89325842696629221 -0.043531449693776002 0.010704942893851608 0.31376516151077433 58.409991887119091 0.027166307926354629 0.32617339111272775 0.11204182192468339 0.10561600551101781 0.060125013281133295 0.11666666666666668 -0.0015678045234170932 -0.2584474365362685 0.033840345038530291
decision_type=2 2 2 2 2 2 2 2 2 2 2 2 2 2
left_child=2 -2 -1 4 10 7 -7 8 -6 -10 12 -12 -3 -13
right_child=1 3 -4 -5 5 6 -8 -9 9 -11 11 13 -14 -15
leaf_value=-0.020749888072420716 -0.026539075583075222 0.017113397364108423 -0.0037246552540900883 8.1196753507976568e-05 0.018407054940290109 0.044967331773427328 -0.033772767351030387 0.03279838978038397 -0.022284537959649006 0.032321643262189108 0.02779835448747699 0.006835625861711641 -0.036436257640963407 -0.033454534191741429
leaf_weight=13.971950689330695 1.8324592900462437 1.1887378664687278 190.66755332937464 13.842201466672121 8.3766422974877077 12.902407508343455 0.53894009068608362 7.4193206075578919 5.5989939067512742 0.88246850669383992 7.9924718029797139 11.926543154753739 2.5323451086878803 1.5188217535614956
leaf_count=952 80 12 7288 221 111 106 7 80 81 10 98 162 43 19
internal_value=1.19575e-10 0.0132112 -0.00498232 0.0145237 0.0177532 0.025483 0.0396902 0.0155741 0.00544739 -0.0115233 0.00622435 0.0113233 -0.0193279 0.000283482
internal_weight=281.192 76.5524 204.64 74.7199 60.8777 35.7188 13.4413 22.2774 14.8581 6.48146 25.1589 21.4378 3.72108 13.4454
internal_count=9270 1030 8240 950 729 395 113 282 202 91 334 279 55 181
is_linear=0
shrinkage=0.05


Tree=25
num_leaves=15
num_cat=0
split_feature=8 1 5 18 14 4 4 13 6 13 6 6 1 3
split_gain=6.79211 1.53338 1.49605 1.57704 1.46958 1.44176 2.09159 2.16939 1.47788 1.44517 1.9525 2.07018 1.61417 1.85103
threshold=0.89325842696629221 -0.060135989332393107 0.31376516151077433 72.5686852103197 0.010704942893851608 -0.0082835252488876448 0.063794651734372945 0.012198821047606461 -0.19800672401830635 0.015598499818314961 0.14814634190203205 0.31770081463422822 -0.018262635153140413 0.025949581403887482
decision_type=2 2 2 2 2 2 2 2 2 2 2 2 2 2
left_child=4 -2 3 5 -1 -3 7 -7 -9 10 12 -12 13 -8
right_child=1 2 -4 -5 -6 6 9 8 -10 -11 11 -13 -14 -15
leaf_value=-0.019986006551755878 -0.028098099140451145 0.041078320447861964 -0.00073107282234174703 0.029353084405086945 -0.0035246562586462881 -0.038227723155665874 0.026567498745146051 0.032862738504859705 -0.01088800344759744 -0.0080929026160575564 -0.037563655543494133 0.026382985118479269 0.032718037875925837 -0.026118741631474141
leaf_weight=13.682206554803996 1.3371748542413104 2.8069139476865521 14.099603807553647 18.179391002748162 191.14131531119347 3.3758070669136924 2.2637842977419522 2.179012886248529 4.0550682218745351 5.0732082584872833 2.0505649028345938 1.2592049948871133 15.880728093441581 2.40788334608078
leaf_count=952 41 29 234 205 7288 71 25 24 71 70 36 11 181 32
internal_value=-8.40154e-11 0.0127773 0.0138862 0.017303 -0.00471603 0.0114376 0.0082949 -0.0111072 0.00683314 0.0148944 0.0199106 -0.0127584 0.0255194 -0.000405355
internal_weight=279.792 74.9683 73.6312 59.5316 204.824 41.3522 38.5453 9.60989 6.23408 28.9354 23.8622 3.30977 20.5524 4.67167
internal_count=9270 1030 989 755 8240 550 521 166 95 355 285 47 238 57
is_linear=0
shrinkage=0.05


Tree=26
num_leaves=15
num_cat=0
split_feature=8 3 10 8 0 3 3 4 18 14 11 9 13 7
split_gain=6.10217 2.68696 2.29494 2.2604 2.0914 2.0581 1.40329 1.97072 2.06168 1.30772 1.46447 2.61702 1.50502 1.3952
threshold=0.75842696629213491 -0.010548275228407398 0.018224333734519798 0.98314606741573041 0.02959075094138908 0.057999757329005426 -0.092403473010018986 -0.098375520116531986 20.660150547139114 0.020933847926870981 0.011607665470346052 0.12921348314606745 0.015894468872209837 0.32022471910112366
decision_type=2 2 2 2 2 2 2 2 2 2 2 2 2 2
left_child=1 4 3 -2 6 -4 7 8 -1 -8 11 12 -11 -12
right_child=2 -3 5 -5 -6 -7 9 -9 -10 10 13 -13 -14 -15
leaf_value=0.021802828071450134 0.006340608102150147 -0.015930341071065657 -0.046047112786864852 0.024937671283200735 0.026146845556892395 0.013486680533125775 -0.0053998144537907621 -0.043442878496208065 -0.024180141297902556 0.029818447585973573 -0.03165676169768139 -0.015667307606986682 -0.015937124644503909 0.014712231730555895
leaf_weight=3.5895176669582725 104.89291503140703 51.666566299274564 2.665218051057308 18.670542693696916 5.2377449008636168 1.8035432063043115 57.578255452215672 4.0585433412343246 4.2158867558464408 13.039495160803204 3.0153047014027825 4.6967875543050459 1.4253010088577855 1.9502861527726052
leaf_count=99 1960 2697 88 196 136 22 3116 162 170 279 83 170 38 54
internal_value=6.39798e-11 -0.00680647 0.00799026 0.00932828 -0.00192375 -0.0239473 -0.00375493 -0.0191088 -0.00295914 -0.00132141 0.00823905 0.01442 0.0245709 -0.0140315
internal_weight=278.506 150.474 128.032 123.563 98.8071 4.46876 93.5694 11.8639 7.8054 81.7054 24.1272 19.1616 14.4648 4.96559
internal_count=9270 7004 2266 2156 4307 110 4171 431 269 3740 624 487 317 137
is_linear=0
shrinkage=0.05


Tree=27
num_leaves=15
num_cat=0
split_feature=8 3 10 8 12 3 7 18 3 2 1 6 4 14
split_gain=5.49732 2.64366 1.82526 1.79998 1.62771 1.36204 1.22302 1.19606 1.39794 1.18869 2.62837 1.20071 1.19784 1.14534
threshold=0.75842696629213491 -0.010548275228407398 0.018224333734519798 0.98314606741573041 0.90555555555555567 0.057999757329005426 1.0000000180025095e-35 89.814349396264618 0.17060225697883682 0.037519786096258174 0.014763046659738046 0.66181446213705097 0.088163373190838681 0.025614282555239589
decision_type=2 2 2 2 2 2 2 2 2 2 2 2 2 2
left_child=1 4 3 6 -1 -4 -2 9 -9 10 12 -11 -5 -8
right_child=2 -3 5 7 -6 -7 13 8 -10 11 -12 -13 -14 -15
leaf_value=-0.0044573432353738193 -0.036594192644794542 -0.015762361275843441 -0.04086789217854131 -0.026256869938726057 0.013111092811013964 0.0084520634494834202 0.0035663020167322869 0.02039225952859295 -0.040460829636471927 0.043039910312789892 -0.03753671474629456 -0.016079236433378757 0.029647883573549524 0.015563549168546745
leaf_weight=82.854898716323078 0.67974435305222769 50.194095608778298 2.3768198736943296 0.32093627750874176 14.656906852498649 1.8988598026335237 78.92444313922897 1.0782826440408815 0.80670715682208527 8.3357305061072076 1.3005833672359584 0.4408484725281604 6.3462698981165886 26.030110612977296
leaf_count=3835 21 2697 88 7 472 22 1591 13 15 69 19 13 60 348
internal_value=-1.80491e-12 -0.00655946 0.00753 0.00869313 -0.00171036 -0.0215142 0.00604168 0.022654 -0.0106482 0.0267917 0.0107899 0.0387294 0.0238832 0.00666058
internal_weight=276.245 147.706 128.539 124.264 97.5118 4.27568 105.634 18.6294 1.88499 16.7444 7.96779 8.77658 6.66721 104.955
internal_count=9270 7004 2266 2156 4307 110 1960 196 28 168 86 82 67 1939
is_linear=0
shrinkage=0.05


Tree=28
num_leaves=15
num_cat=0
split_feature=8 4 10 6 2 9 14 8 11 6 14 14 7 4
split_gain=4.95095 2.38607 1.529 1.49975 1.49181 2.51282 1.39324 1.37085 1.41078 1.48247 1.15394 1.30393 1.99919 1.90241
threshold=0.75842696629213491 -0.038685755644664248 0.021629966209206302 -0.12230502496215338 -0.047904994370875968 0.15168539325842698 0.016372589690195973 0.98314606741573041 -0.035833375522273836 0.47912478258504648 0.035481725254819206 0.025951171680061395 0.050561797752808994 0.049612904056594138
decision_type=2 2 2 2 2 2 2 2 2 2 2 2 2 2
left_child=1 3 7 -1 5 -5 -3 10 -9 -10 11 13 -13 -2
right_child=2 6 -4 4 -6 -7 -8 8 9 -11 -12 12 -14 -15
leaf_value=-0.0094645821866657515 -0.0051478591279798362 -0.021683831989762078 -0.025876730690531587 0.026060662586686746 -0.0012101061094262056 -0.020689788479210835 -0.0060738123610838924 -0.014952651639320575 0.029111218360283006 -0.017571788838507432 -0.023589839967726539 -0.028576569070873761 0.020764418971120829 0.010100626604094384
leaf_weight=32.100245559122413 35.36228203214705 28.798601114656776 2.4674807097762814 12.518862758763133 40.267387026920915 2.8457971354946485 29.557722554542124 1.8771214908920253 15.399253481999041 1.2371048992499698 2.3061401983723036 1.389690392185005 21.892029044218361 46.027774471789598
leaf_count=1370 813 2172 66 354 1905 107 1096 30 139 31 36 38 278 835
internal_value=3.5308e-10 -0.00626987 0.00715132 -0.00101965 0.00393424 0.0166665 -0.0140128 0.00800017 0.0202461 0.0248403 0.00571303 0.00657576 0.0167637 0.00349341
internal_weight=274.047 146.089 127.959 87.7323 55.632 15.3647 58.3563 125.491 18.5135 16.6364 106.978 104.672 23.2817 81.3901
internal_count=9270 7004 2266 3736 2366 461 3268 2200 200 170 2000 1964 316 1648
is_linear=0
shrinkage=0.05


Tree=29
num_leaves=15
num_cat=0
split_feature=8 4 6 10 18 3 3 14 6 8 8 18 14 14
split_gain=4.34525 2.37856 1.75602 1.56672 1.36756 1.34907 1.34725 1.96888 1.79638 1.69046 1.31879 1.35173 1.19314 1.19065
threshold=0.75842696629213491 -0.038685755644664248 -0.12230502496215338 0.018224333734519798 38.957340863417116 -0.051658535332820325 -0.076049510127061834 0.014451472913104163 0.2215229431794549 0.073033707865168551 0.98314606741573041 89.814349396264618 0.016372589690195973 0.035481725254819206
decision_type=2 2 2 2 2 2 2 2 2 2 2 2 2 2
left_child=1 2 -1 10 5 6 9 -8 -9 -4 13 -12 -3 -2
right_child=3 12 4 -5 -6 -7 7 8 -10 -11 11 -13 -14 -15
leaf_value=-0.010120256481397616 0.0064382360080696881 -0.020921636841000926 0.031451961522318383 -0.020947946619260732 -0.0016865642233733836 -0.0069934500021168952 -0.0099517292146547344 0.051156318175518904 -0.019904099424685018 -0.010926802921096733 0.024442268879365358 -0.01579008071461278 -0.00632996999270387 -0.024071535193299489
leaf_weight=30.731171898078173 102.76037984294817 28.104493645019829 2.731610353570435 3.9905774812214068 34.909529185853899 5.3240016056224695 1.7218963364139197 6.3549534711055458 0.4816767219454049 5.4659413672052324 16.19222044758499 1.6856062291190017 29.426486367825419 2.3342248667031518
leaf_count=1370 1925 2172 75 110 1618 251 108 87 13 214 168 28 1096 35
internal_value=-3.54607e-10 -0.0058874 -0.000670984 0.00672884 0.00451111 0.0139584 0.0206345 0.0334438 0.0442487 0.005079 0.00778871 0.0200135 -0.0136938 0.00554009
internal_weight=272.215 145.252 87.7208 126.963 56.9896 22.0801 16.7561 8.55853 6.83663 8.19755 122.972 17.8778 57.531 105.095
internal_count=9270 7004 3736 2266 2366 748 497 208 100 289 2156 196 3268 1960
is_linear=0
shrinkage=0.05


Tree=30
num_leaves=15
num_cat=0
split_feature=8 14 12 12 18 11 5 9 5 5 0 6 7 0
split_gain=3.83536 1.63982 1.58223 2.06794 1.66086 2.50976 1.91281 1.6958 1.43427 1.29183 1.26146 1.68951 1.5156 1.19295
threshold=0.8370786516853933 0.013207914920603135 0.90555555555555567 0.92777777777777792 59.350909810436683 0.021835482548911423 0.41918664732613414 -0.11235955056179771 0.45229374046359166 0.082417771959577793 0.026302582132911482 -0.1478405345750782 0.81460674157303381 -0.0019858495043055808
decision_type=2 2 2 2 2 2 2 2 2 2 2 2 2 2
left_child=10 -2 4 -4 5 7 -6 -3 -8 -5 -1 -12 -13 -10
right_child=1 2 3 9 6 -7 8 -9 13 -11 11 12 -14 -15
leaf_value=-0.0057724704131462013 -0.026783692385489624 0.010610202053610525 -0.031905990027991209 0.024793506065816765 0.021340001588298036 -0.038610004453645326 -0.040282932466531966 -0.023191590268228143 -0.017324235753361353 -0.020094010321151604 -0.025087452152684694 0.027853865815178798 -0.011491375387968596 0.015550154951320592
leaf_weight=158.00371059356257 2.3836013488471499 28.19855965860188 4.3282673303037864 3.7801793068647385 41.673356642015278 2.4151165084913364 1.0073588453233231 3.2973749600350883 3.097121567465364 1.5252416753210125 1.9161325269378711 8.1257883519865555 2.7103960122913113 7.6954572740942231
leaf_count=7343 76 414 72 56 554 56 18 67 55 42 69 212 101 135
internal_value=-1.05313e-10 0.00776334 0.0088767 -0.00961364 0.0110009 0.00224233 0.0164121 0.00646664 -0.00129892 0.0107487 -0.00453813 0.0100632 0.0178732 0.00544717
internal_weight=270.158 99.4016 97.018 9.63369 87.3843 33.9111 53.4733 31.4959 11.7999 5.30542 170.756 12.7523 10.8362 10.7926
internal_count=9270 1545 1469 170 1299 537 762 481 208 98 7725 382 313 190
is_linear=0
shrinkage=0.05


Tree=31
num_leaves=15
num_cat=0
split_feature=8 10 14 7 0 14 9 6 13 13 5 2 2 11
split_gain=3.4487 1.37675 1.3341 1.22111 1.21316 1.25348 2.0452 2.44065 1.61577 1.2123 1.20034 1.0139 1.01351 0.889512
threshold=0.8370786516853933 0.018224333734519798 0.012996113765626155 0.016853932584269666 0.034292752983209669 0.025036501992084174 0.11797752808988766 -0.15281272690459904 0.01591784592363496 0.01101168521221753 1.6670918650713267 0.016340376810355498 -0.045466707538585054 -0.043531449693776002
decision_type=2 2 2 2 2 2 2 2 2 2 2 2 2 2
left_child=4 2 -2 -4 5 -1 7 12 -9 -8 13 -3 -7 -5
right_child=1 11 3 10 -6 6 9 8 -10 -11 -12 -13 -14 -15
leaf_value=-0.0067839695497884864 -0.02460027746206541 -0.043504940465678446 -0.024593732430809929 -0.0092461249765761182 0.015532399383422785 -0.023652209847665022 0.0057897142640627175 0.039756829675545738 -0.020426044799443425 -0.039488142661070674 -0.031034950836984293 0.0042838456981588134 0.010252694533000905 0.012198696821388579
leaf_weight=144.19901091838256 2.0221854769624761 1.28956453455612 1.6422849730588485 4.4141944758594027 6.435711924917995 3.1093719480559239 2.2761746104806653 7.1780342143028983 0.66592237167060364 2.2958969483152032 0.78683725465088983 1.841128433588892 3.8812512084841728 86.635474273003638
leaf_count=7065 66 46 40 85 167 91 78 135 16 84 22 29 89 1257
internal_value=-1.7396e-11 0.00739481 0.00854078 0.0095105 -0.00430748 -0.00517754 0.00650641 0.0154065 0.0329156 -0.0199532 0.0103787 -0.0211675 -0.00590063 0.0110699
internal_weight=268.673 98.6317 95.501 93.4788 170.041 163.606 19.4067 14.8346 7.84396 4.57207 91.8365 3.13069 6.99062 91.0497
internal_count=9270 1545 1470 1404 7725 7558 493 331 151 162 1364 75 180 1342
is_linear=0
shrinkage=0.05


Tree=32
num_leaves=15
num_cat=0
split_feature=14 4 4 9 9 5 11 4 9 4 8 1 13 15
split_gain=3.4405 4.15889 2.28612 1.84206 2.1928 2.24586 1.84032 1.72872 2.11776 2.08064 2.05438 1.7623 1.68586 1.94124
threshold=0.025253299408496736 0.19398772866322536 0.32617339111272775 -0.38764044943820214 0.12921348314606745 0.41918664732613414 0.017896972366020097 0.049612904056594138 -0.2078651685393258 -0.063866747768792073 0.93820224719101131 0.026536802255717643 0.011075172743415464 63.68107119808122
decision_type=2 2 2 2 2 2 2 2 2 2 2 2 2 2
left_child=1 7 3 6 5 -5 -2 9 -9 -1 -10 -12 13 -11
right_child=2 -3 -4 4 -6 -7 -8 8 10 12 11 -13 -14 -15
leaf_value=0.00038604714817378621 0.0052712430934373222 0.033074410364677169 -0.0386085850162056 0.025547606102205318 -0.012156799728512108 -0.0092618468179331438 -0.037955902793939955 0.018492878006108292 0.0036706875442548987 -0.032151032087666148 -0.00040905818254762807 -0.044082016882195069 -0.0076330945411692865 1.5808418863167365e-05
leaf_weight=58.224575680214912 11.142446039710192 6.7015549689531317 1.3308932287618507 34.316876808181405 4.9814319517463437 4.8158600376918903 2.099608506076037 15.312579937279223 26.728758323006332 16.056285880506042 4.3953676493838412 3.9129902245476842 70.536275542341173 6.4679811648093155
leaf_count=2496 174 74 21 488 184 94 47 318 773 829 71 75 3340 286
internal_value=1.33901e-10 -0.00301928 0.0105893 0.0123729 0.0171937 0.0211398 -0.0037665 -0.0043762 0.00359629 -0.00703574 -0.0032466 -0.0235038 -0.011634 -0.0233061
internal_weight=267.023 208.336 58.6871 57.3562 44.1142 39.1327 13.2421 201.635 50.3497 151.285 35.0371 8.30836 93.0605 22.5243
internal_count=9270 8262 1008 987 766 582 221 8188 1237 6951 919 146 4455 1115
is_linear=0
shrinkage=0.05


Tree=33
num_leaves=15
num_cat=0
split_feature=8 11 1 5 1 0 3 8 4 3 11 14 12 12
split_gain=2.90727 1.93392 1.2333 1.16524 1.15295 1.32243 1.36387 1.15554 2.07853 1.07536 1.93003 1.78074 2.44018 2.23922
threshold=0.89325842696629221 -0.043531449693776002 -0.060135989332393107 1.1035073222383132 0.023782261679844655 -0.018537326397682793 0.096754432333361576 0.7471910112359551 -0.037984494217955349 -0.050614262215332599 0.017896972366020097 0.021903651233953141 0.2166666666666667 0.28333333333333338
decision_type=2 2 2 2 2 2 2 2 2 2 2 2 2 2
left_child=4 -2 -3 -4 9 -6 7 8 -7 10 11 13 -13 -1
right_child=1 2 3 -5 5 6 -8 -9 -10 -11 -12 12 -14 -15
leaf_value=-0.014532904504422885 -0.028095384034085243 -0.027533822461357951 0.012492438339146462 -0.021025872582751116 -0.033590430569396576 0.015364137468987862 -0.027610365510815412 0.020214340026929289 -0.017007399281549256 -0.0081888925485088283 -0.025142529693066091 0.031257884507564712 -0.0031517561471969598 0.009884853427636486
leaf_weight=19.388474903069437 2.5031792637892059 1.1799305649474252 66.046610138379037 1.8187311869114626 1.124402655288576 10.360703516285866 1.671865478157996 13.737604467198251 7.8043238152749881 98.250511029735208 5.6908684764057389 9.8824422024190444 9.4684159662574512 16.467061744071543
leaf_count=886 80 31 874 45 37 406 54 318 426 4864 219 177 236 617
internal_value=-6.79891e-11 0.00854414 0.0102546 0.0113019 -0.00318129 0.00497463 0.00720035 0.00980833 0.00129448 -0.00497948 0.000247159 0.00326518 0.0150936 -0.00335484
internal_weight=265.395 71.5485 69.0453 67.8653 193.847 34.6989 33.5745 31.9026 18.165 159.148 60.8973 55.2064 19.3509 35.8555
internal_count=9270 1030 950 919 8240 1241 1204 1150 832 6999 2135 1916 413 1503
is_linear=0
shrinkage=0.05


Tree=34
num_leaves=15
num_cat=0
split_feature=8 14 12 12 18 11 5 12 10 14 3 12 2 7
split_gain=2.53245 1.2042 1.22008 1.82778 1.32946 2.50241 1.57457 1.51649 1.82109 1.4738 1.44452 1.91947 1.81833 1.45323
threshold=0.8370786516853933 0.013207914920603135 0.90555555555555567 0.92777777777777792 59.892249560290104 0.019329746175432604 0.31376516151077433 0.67222222222222239 -0.00047005714628547225 0.033840345038530291 0.061229683491659144 0.18333333333333338 0.057296835900012895 0.9269662921348315
decision_type=2 2 2 2 2 2 2 2 2 2 2 2 2 2
left_child=-1 -2 4 -4 5 -3 7 8 10 -10 -6 12 -12 -13
right_child=1 2 3 -5 6 -7 -8 -9 9 -11 11 13 -14 -15
leaf_value=-0.0037143350794931226 -0.024267689518745444 0.0057956636917389564 -0.029739105440177761 0.010440433871742543 0.034618171023827603 -0.038868364465764992 0.00082996558096334698 0.034806825505241314 -0.020000330970583527 0.028457859946880465 -0.042186894848387939 -0.010022066404346094 0.015198313245331149 0.036740557509076309
leaf_weight=167.30311710294336 2.1510604871436945 31.160388624295592 4.3431039582937938 5.2245662049390376 8.1071038274094445 2.4762094886973491 15.440686817280946 10.98528611473739 5.5304601928219261 1.1206979937851427 2.1295696198940264 1.9329345338046549 1.7582308724522588 4.1146186217665672
leaf_count=7725 76 492 72 98 97 59 266 139 98 11 34 34 19 50
internal_value=1.61327e-10 0.00641328 0.00736021 -0.00888672 0.00927648 0.00148041 0.0142794 0.0199186 0.0121985 -0.00918303 0.0201489 0.00625618 -0.018435 0.0224929
internal_weight=263.778 96.4749 94.3239 9.56767 84.7562 33.6366 51.1196 35.6789 24.6936 6.65116 18.0425 9.93535 3.8878 6.04755
internal_count=9270 1545 1469 170 1299 551 748 482 343 109 234 137 53 84
is_linear=0
shrinkage=0.05


Tree=35
num_leaves=15
num_cat=0
split_feature=8 11 1 6 3 11 5 14 12 9 6 8 6 0
split_gain=2.21578 1.47461 1.26993 1.27683 1.16093 1.70275 1.74755 1.32994 1.88134 1.74297 1.76705 1.98915 1.17154 1.30505
threshold=0.89325842696629221 -0.043531449693776002 0.030962041449900449 0.29363118658200543 -0.050614262215332599 0.011607665470346052 -0.41722846277288073 0.021903651233953141 0.28333333333333338 0.12359550561797752 -0.15281272690459904 0.73595505617977541 0.15213955338433097 -0.00038562067938346928
decision_type=2 2 2 2 2 2 2 2 2 2 2 2 2 2
left_child=2 -2 4 -4 5 7 -7 8 -1 10 -9 -12 13 -10
right_child=1 -3 3 -5 -6 6 -8 9 12 -11 11 -13 -14 -15
leaf_value=-0.01230506591063267 -0.025227480337900444 0.0089962409486832023 0.016774995768628117 -0.005809494074029733 -0.0074734132234017189 0.026881449795482338 -0.031093723922918856 0.0025739399995126934 0.023742653904173201 -0.01682164256170508 0.04590650390728114 -0.0078103765582594091 0.036154976954290818 -0.006483589495337963
leaf_weight=18.785491910297424 2.349817167967557 68.174260024912655 14.366467888001354 9.8809579014778119 106.34921946609393 0.80102948006242503 5.6887206761166444 7.9204972367733761 4.30054355086759 3.0234214179217807 6.8417260106652975 1.8731620963662861 2.4849448697641483 10.065438669640569
leaf_count=883 80 950 470 345 5244 21 244 179 176 99 109 35 56 379
internal_value=-1.72432e-10 0.00751916 -0.00278103 0.00770612 -0.00433006 0.0011134 -0.0213042 0.00407615 -0.00172938 0.0141744 0.0204422 0.0347452 0.0100893 0.0035211
internal_weight=262.906 70.5241 192.382 24.2474 168.134 61.785 6.48975 55.2952 35.6364 19.6588 16.6354 8.71489 16.8509 14.366
internal_count=9270 1030 8240 815 7425 2181 265 1916 1494 422 323 144 611 555
is_linear=0
shrinkage=0.05


Tree=36
num_leaves=15
num_cat=0
split_feature=14 4 9 3 14 6 9 7 3 14 5 4 9 4
split_gain=2.09157 3.46411 1.75841 2.35133 1.95235 1.77828 1.60427 1.33723 1.71507 1.99382 1.33365 1.1863 1.99658 1.79416
threshold=0.025442886829762756 0.19398772866322536 -0.2078651685393258 0.17060225697883682 0.025951171680061395 0.21261674774859121 0.12921348314606745 0.016853932584269666 0.0266554237431933 0.028366774654564362 0.41918664732613414 0.049612904056594138 -0.2078651685393258 -0.063866747768792073
decision_type=2 2 2 2 2 2 2 2 2 2 2 2 2 2
left_child=1 11 4 6 -2 -5 10 -6 -9 -10 -4 13 -13 -1
right_child=2 -3 3 5 7 -7 -8 8 9 -11 -12 12 -14 -15
leaf_value=0.0010495973104876714 -0.042760656944067263 0.030613903458319026 0.026943256597846056 0.011230413987761539 -0.027751012550710798 -0.049043566248577364 -0.0073298777543329254 0.018598364087035 0.014441354015981504 -0.043353550671311171 -0.002491868762953544 0.017381162902429512 -0.0037447454173384618 -0.010150549595557442
leaf_weight=58.115261093713343 1.7887469371780778 6.6880120132118455 25.32226948346943 1.8017719099298113 2.1160673187114325 1.5132636707276104 4.7091494109481564 10.419172774069009 2.2108142971992484 2.0277215405367315 4.3188127428293219 15.459032753482459 34.096762513741851 91.224504862446338
leaf_count=2505 32 76 348 22 59 29 174 163 28 36 81 320 921 4476
internal_value=-1.66033e-11 -0.00234323 0.00845871 0.0145431 -0.00399942 -0.0212731 0.0185036 0.00230733 0.00814193 -0.0162057 0.0227131 -0.00359905 0.00305897 -0.00581405
internal_weight=261.811 205.584 56.2278 37.6653 18.5625 3.31504 34.3502 16.7738 14.6577 4.23854 29.6411 198.896 49.5558 149.34
internal_count=9270 8298 972 654 318 51 603 286 227 64 429 8222 1241 6981
is_linear=0
shrinkage=0.05


Tree=37
num_leaves=15
num_cat=0
split_feature=14 4 14 18 11 3 6 6 8 7 3 10 12 2
split_gain=2.20894 3.2772 1.61444 1.57598 2.28296 2.12534 1.51824 1.43381 1.40006 1.30607 1.21967 1.33461 1.45607 1.40323
threshold=0.025253299408496736 0.22243687806385651 0.022946979219282789 58.895472742509533 0.017896972366020097 0.17060225697883682 0.21261674774859121 0.8146320659946279 0.17415730337078653 0.48876404494382025 -0.065085229950876941 0.013628407421265322 0.13888888888888892 -0.062907797902648707
decision_type=2 2 2 2 2 2 2 2 2 2 2 2 2 2
left_child=1 -1 -3 4 10 7 -7 8 -5 -6 -2 12 -12 -14
right_child=3 2 -4 5 9 6 -8 -9 -10 -11 11 -13 13 -15
leaf_value=-0.0035486657657783668 0.018899391777796797 0.042142966032149141 -0.024778820539577848 -0.016904590394317649 -0.042975428185396687 0.011512818523487942 -0.044499938173406549 -0.011059400382986509 0.029484867020708606 0.010840683408237458 -0.019376785210047487 -0.033806828549349299 -0.020593103445768115 0.021050662123561398
leaf_weight=198.24470949498937 10.510631076991563 4.6854400634765616 0.39380944706499565 1.1310027549043393 3.1135043501853934 1.8361870730295771 1.3524082237854598 2.3375730514526358 20.110270883888006 1.0822669602930544 3.9242712743580368 1.8158096345141519 1.6931744990870399 8.8454456822946597
leaf_count=8208 195 48 6 50 94 21 29 46 281 13 67 40 35 137
internal_value=-3.57843e-10 -0.00245683 0.0337319 0.00854411 0.000766598 0.0171953 -0.0171966 0.0223566 0.0263658 -0.0296792 0.00643146 -0.00224657 0.00364588 0.0131552
internal_weight=261.077 203.324 5.07925 57.7525 30.9851 26.7674 3.1886 23.5788 21.2413 4.19577 26.7893 16.2787 14.4629 10.5386
internal_count=9270 8262 54 1008 581 427 50 377 331 107 474 279 239 172
is_linear=0
shrinkage=0.05


Tree=38
num_leaves=15
num_cat=0
split_feature=14 4 13 14 0 0 6 0 14 4 4 7 10 13
split_gain=1.99545 2.82517 1.64473 1.27261 1.77549 1.25769 1.33934 1.25674 1.20526 1.14121 1.92103 1.7866 1.37942 1.3436
threshold=0.025253299408496736 0.19398772866322536 0.015358624277638474 0.032888011009672126 -0.027841163576765134 -0.010013616739433238 0.35487536529059499 0.038631290539214998 0.022946979219282789 0.049612904056594138 -0.063866747768792073 0.97191011235955072 -0.026503202857854066 0.011075172743415464
decision_type=2 2 2 2 2 2 2 2 2 2 2 2 2 2
left_child=1 9 7 5 -5 -4 -7 -2 -3 10 12 -11 -1 -12
right_child=2 8 3 4 -6 6 -8 -9 -10 11 13 -13 -14 -15
leaf_value=-0.024008830566929203 0.01538850455427725 0.036624217615962532 0.0050315778978895567 -0.028705004903835186 0.029376815521452517 -0.039232561309806277 0.0099324330097593141 -0.016073831847848066 -0.014755169901852628 0.0060680793614307331 -0.021047475587783686 -0.025889492633586982 0.0036372390745010928 -0.0066246806392126047
leaf_weight=3.9141156636178485 39.747982729226351 5.3027562070637932 4.330319508444517 0.94648211635649193 3.5898960372433057 4.6662493301555505 1.3753285454586146 2.6423403900116673 0.82227664627134789 45.398166849743575 20.910381789784878 3.8398423902690402 54.52722396934405 68.225344206672162
leaf_count=155 692 63 71 24 51 96 29 45 11 1156 1115 81 2341 3340
internal_value=-2.30833e-10 -0.00233195 0.00815763 -0.00584136 0.0142625 -0.0151152 -0.0282193 0.0131021 0.0286238 -0.00343515 -0.00562516 0.00311013 0.00141288 -0.0102041
internal_weight=260.239 202.94 57.2986 14.9083 4.53638 10.3719 6.04158 42.3903 6.12503 196.815 147.577 49.238 58.4413 89.1357
internal_count=9270 8262 1008 271 75 196 125 737 74 8188 6951 1237 2496 4455
is_linear=0
shrinkage=0.05


Tree=39
num_leaves=15
num_cat=0
split_feature=14 4 4 8 4 17 14 9 13 5 6 11 1 3
split_gain=1.90446 2.66516 1.68932 1.36949 1.36956 1.18192 1.45595 1.21591 1.34497 1.31175 1.17372 1.27199 2.83886 2.03795
threshold=0.025442886829762756 0.19398772866322536 0.32617339111272775 0.99438202247191021 0.22243687806385651 14.044943820224718 0.033840345038530291 0.12921348314606745 0.010165430286453092 0.41918664732613414 -0.36462466636035384 -0.03558967540609654 -0.044535908958918784 -0.12608476339889416
decision_type=2 2 2 2 2 2 2 2 2 2 2 2 2 2
left_child=1 -1 3 4 5 6 -2 9 -9 10 -7 12 -12 -14
right_child=2 -3 -4 -5 -6 7 -8 8 -10 -11 11 -13 13 -15
leaf_value=-0.0033238412758331186 0.002780005838719824 0.027859849405480665 -0.035278715240035834 0.031872588979485909 -0.025070693843314847 -0.011040830047542438 -0.041775483232193523 0.018636156736955543 -0.026262735854714503 -0.0084856380991868378 0.031370000667081677 0.029058532033323793 0.029156391379313307 -0.046144163085295731
leaf_weight=197.17883698781952 9.4976060925982875 6.1028191745281211 1.2083946354687203 5.2386046629399052 2.2434269133955231 2.169396609067916 1.2421159641817201 1.9261906575411547 3.0573219321668148 4.0331829972565165 2.971253621391952 19.690428920090206 0.46665079146623645 2.3189593041315701
leaf_count=8222 176 76 21 56 32 46 33 59 115 77 30 282 5 40
internal_value=-1.39138e-11 -0.00225586 0.00807576 0.00964532 0.0067152 0.00870763 -0.00549264 0.012906 -0.00869446 0.0164693 0.0202829 0.0232698 0.00210007 -0.02916
internal_weight=259.345 203.282 56.0635 54.8551 49.6165 47.3731 10.7397 36.6334 4.98351 31.6499 27.6167 25.4473 5.75686 2.78561
internal_count=9270 8298 972 951 895 863 209 654 174 480 403 357 75 45
is_linear=0
shrinkage=0.05


end of trees

feature_importances:
market_volatility_20d=80
rank_pct_20d=66
market_return_5d=58
momentum_20d=56
momentum_10d=46
amount_change_5d=33
momentum_3d=32
volume_change_5d=32
rank_pct_5d=31
market_dispersion_1d=25
market_breadth_1d=24
rank_momentum_5d=20
momentum_1d=17
rule_direction_score=14
market_return_1d=12
momentum_5d=11
rule_rank_momentum_score=2
rule_time_series_score=1

parameters:
[boosting: gbdt]
[objective: lambdarank]
[metric: ndcg]
[tree_learner: serial]
[device_type: cpu]
[data_sample_strategy: bagging]
[data: ]
[valid: ]
[num_iterations: 40]
[learning_rate: 0.05]
[num_leaves: 15]
[num_threads: 1]
[seed: 20260720]
[deterministic: 1]
[force_col_wise: 1]
[force_row_wise: 0]
[histogram_pool_size: -1]
[max_depth: -1]
[min_data_in_leaf: 2]
[min_sum_hessian_in_leaf: 0.001]
[bagging_fraction: 1]
[pos_bagging_fraction: 1]
[neg_bagging_fraction: 1]
[bagging_freq: 0]
[bagging_seed: 843]
[bagging_by_query: 0]
[feature_fraction: 1]
[feature_fraction_bynode: 1]
[feature_fraction_seed: 57]
[extra_trees: 0]
[extra_seed: 8811]
[early_stopping_round: 0]
[early_stopping_min_delta: 0]
[first_metric_only: 0]
[max_delta_step: 0]
[lambda_l1: 0]
[lambda_l2: 1]
[linear_lambda: 0]
[min_gain_to_split: 0]
[drop_rate: 0.1]
[max_drop: 50]
[skip_drop: 0.5]
[xgboost_dart_mode: 0]
[uniform_drop: 0]
[drop_seed: 21666]
[top_rate: 0.2]
[other_rate: 0.1]
[min_data_per_group: 100]
[max_cat_threshold: 32]
[cat_l2: 10]
[cat_smooth: 10]
[max_cat_to_onehot: 4]
[top_k: 20]
[monotone_constraints: ]
[monotone_constraints_method: basic]
[monotone_penalty: 0]
[feature_contri: ]
[forcedsplits_filename: ]
[refit_decay_rate: 0.9]
[cegb_tradeoff: 1]
[cegb_penalty_split: 0]
[cegb_penalty_feature_lazy: ]
[cegb_penalty_feature_coupled: ]
[path_smooth: 0]
[interaction_constraints: ]
[verbosity: -1]
[saved_feature_importance_type: 0]
[use_quantized_grad: 0]
[num_grad_quant_bins: 4]
[quant_train_renew_leaf: 0]
[stochastic_rounding: 1]
[linear_tree: 0]
[max_bin: 255]
[max_bin_by_feature: ]
[min_data_in_bin: 3]
[bin_construct_sample_cnt: 200000]
[data_random_seed: 4432]
[is_enable_sparse: 1]
[enable_bundle: 1]
[use_missing: 1]
[zero_as_missing: 0]
[feature_pre_filter: 1]
[pre_partition: 0]
[two_round: 0]
[header: 0]
[label_column: ]
[weight_column: ]
[group_column: ]
[ignore_column: ]
[categorical_feature: ]
[forcedbins_filename: ]
[precise_float_parser: 0]
[parser_config_file: ]
[objective_seed: 7759]
[num_class: 1]
[is_unbalance: 0]
[scale_pos_weight: 1]
[sigmoid: 1]
[boost_from_average: 1]
[reg_sqrt: 0]
[alpha: 0.9]
[fair_c: 1]
[poisson_max_delta_step: 0.7]
[tweedie_variance_power: 1.5]
[lambdarank_truncation_level: 30]
[lambdarank_norm: 1]
[label_gain: 0,1,3,7,15]
[lambdarank_position_bias_regularization: 0]
[eval_at: 1,2,3,4,5]
[multi_error_top_k: 1]
[auc_mu_weights: ]
[num_machines: 1]
[local_listen_port: 12400]
[time_out: 120]
[machine_list_filename: ]
[machines: ]
[gpu_platform_id: -1]
[gpu_device_id: -1]
[gpu_use_dp: 0]
[num_gpu: 1]

end of parameters

pandas_categorical:null
