tree
version=v4
num_class=1
num_tree_per_iteration=1
label_index=0
max_feature_idx=16
objective=lambdarank
feature_names=momentum_1d momentum_3d momentum_5d momentum_10d momentum_20d volatility_5d volatility_20d drawdown_20d volume_change_5d amount_change_5d rank_pct_5d rank_pct_20d rank_momentum_5d rule_time_series_score rule_cross_section_score rule_rank_momentum_score rule_direction_score
feature_infos=[-0.10813718513007242:0.12229216739576731] [-0.18234825421959322:0.27465397817296533] [-0.25743860440229616:0.28092117351019485] [-0.27022648853672249:0.40351170424303073] [-0.28062547585271636:0.58906651566951895] [0.0012453562741035964:0.088373331352552278] [0.0039238631080082331:0.060188323905258592] [0.0043877162311911633:0.28987731592235633] [-0.70556637982934856:5.1127031970119425] [-0.70850366100994711:4.4775219112457263] [0:1] [0:1] [-1:0.97752808988764039] [0:100] [0:100] [0:100] [0:100]
tree_sizes=1754 1736 1734 1730 1731 1730 1744 1740 1737 1727 1736 1733 1744 1738 1736 1735 1751 1748 1735 1742 1745 1739 1748 1758 1733 1741 1743 1740 1740 1733 1733 1730 1740 1760 1737 1744 1740 1739 1758 1760

Tree=0
num_leaves=15
num_cat=0
split_feature=11 7 3 6 11 5 7 6 8 10 12 7 11 6
split_gain=22.13 5.76484 3.69143 3.25643 2.81393 2.80144 2.53044 2.38192 1.56259 1.71752 1.33478 1.20651 2.31009 2.21076
threshold=0.76966292134831471 0.066272481937293917 0.02204332624525818 0.01795951711192775 0.26404494382022475 0.015711013352119722 0.055319768755990768 0.018085479063104159 0.68009578053867403 0.23033707865168543 0.089887640449438186 0.12940104046702969 0.073033707865168551 0.025442886829762756
decision_type=2 2 2 2 2 2 2 2 2 2 2 2 2 2
left_child=1 4 3 -2 -1 7 -6 10 9 -4 -3 13 -13 -7
right_child=2 5 8 -5 6 11 -8 -9 -10 -11 -12 12 -14 -15
leaf_value=-0.04498062473094197 -0.019158567474573673 -0.014738599488574589 -0.0070543062895161105 0.022587154774139633 -0.0074195197133913558 0.0047182048045581251 -0.034076514323705689 -0.027809033186894195 0.00097960384270197537 0.045042687739749593 0.0053604623769457696 0.024862941447956005 -0.014246803666053283 0.037798028519819324
leaf_weight=10.854793191421775 5.6174835921265212 13.78098896937445 1.4128812039271057 15.716555533464996 27.911177015397698 28.963438927195966 12.645001898985354 14.163870834279804 2.5459597655571988 26.356822698377073 17.882597280666232 4.0242377743124988 14.436841240618376 5.2225712789222589
leaf_count=598 330 797 74 660 1331 1253 546 641 119 980 975 204 621 141
internal_value=3.06241e-10 -0.00973901 0.0279104 0.0112294 -0.0231386 -0.00258114 -0.0163509 -0.0114959 0.0389159 0.042239 -0.00357069 0.00524849 -0.00488197 0.0107024
internal_weight=201.535 149.886 51.6497 21.334 51.411 98.4745 40.5562 45.8275 30.3157 27.7697 31.6636 52.6471 18.4611 34.186
internal_count=9270 7107 2163 990 2475 4632 1877 2413 1173 1054 1772 2219 825 1394
is_linear=0
shrinkage=0.05


Tree=1
num_leaves=15
num_cat=0
split_feature=6 11 4 11 7 7 11 11 5 3 6 5 10 8
split_gain=60.7343 17.6384 12.2494 12.1111 11.4148 8.17123 9.56391 7.7741 6.98414 5.8465 8.07618 5.29674 5.09245 6.10479
threshold=0.017817768502999289 0.76966292134831471 -0.15139921737048304 0.96067415730337091 0.052196525168809134 0.057979312419610636 0.87078651685393271 0.96067415730337091 0.010649446260398689 0.17060225697883682 0.027762022690278471 0.016776463537796989 0.039325842696629219 0.41918664732613414
decision_type=2 2 2 2 2 2 2 2 2 2 2 2 2 2
left_child=3 2 -2 -1 7 6 -6 -3 -9 -10 -11 -4 -7 -14
right_child=1 4 11 -5 5 12 -8 8 9 10 -12 -13 13 -15
leaf_value=-0.025302791369250094 0.041334729008301749 0.018122570038867469 -0.032530370472631964 0.048526713737512078 0.042708645195428392 -0.025654553762561823 -0.048938177670147777 -0.037363212632576942 0.071301312176824991 0.058655695505647344 -0.05368599217383109 -0.0032488011658775074 0.025533734486391103 -0.0073112100731644886
leaf_weight=170.00438629463315 11.718294824473558 21.698159808292985 20.78033874835819 4.8443141188472501 3.1493537425994864 5.2920179180800906 8.6964825168251974 1.2148191444575775 26.352841634303335 2.4501805007457724 1.9964729733765123 53.99858255777508 103.44185241404921 15.915536617860196
leaf_count=5161 126 155 976 41 24 90 78 7 102 13 13 1445 872 167
internal_value=-2.57338e-10 0.0145596 -0.0041315 -0.022993 0.0230366 0.0151597 -0.0231448 0.0424107 0.0578248 0.0626361 0.00762011 -0.0117078 0.0189551 0.0211297
internal_weight=451.554 276.705 86.4972 174.849 190.208 136.495 11.8458 53.7125 32.0143 30.7995 4.44665 74.7789 124.649 119.357
internal_count=9270 4068 2547 5202 1521 1231 102 290 135 128 26 2421 1129 1039
is_linear=0
shrinkage=0.05


Tree=2
num_leaves=15
num_cat=0
split_feature=11 5 4 7 5 1 12 7 2 9 4 6 13 6
split_gain=71.8104 21.1381 12.7296 11.7763 7.75577 6.98502 5.09511 4.40062 4.16021 4.04807 3.99632 4.58667 3.71284 5.58269
threshold=0.76966292134831471 0.015471984880269166 0.16706649897786965 0.21598335597797544 0.018971034358525953 -0.016805556216228697 1.0000000180025095e-35 0.14570192579227773 0.028988300433339335 0.8146320659946279 0.044910881750625971 0.019148936491937416 60.437783707736692 0.027425769178128345
decision_type=2 2 2 2 2 2 2 2 2 2 2 2 2 2
left_child=1 -1 4 -3 10 8 -7 9 -4 12 11 -2 -6 -14
right_child=2 3 5 -5 7 6 -8 -9 -10 -11 -12 -13 13 -15
leaf_value=-0.035242081410611616 -0.035931941855418516 -0.0088157408691843814 0.023507425149248477 0.051275693696514135 0.018837695890016631 0.062411143885330068 0.010024270956230799 -0.032750683287025538 -0.056441256158675845 -0.021360404654210449 0.012937903175009778 0.0030559199107965491 0.027044887396684578 0.070963998288704935
leaf_weight=111.46626201365143 10.084257377311586 91.203965310938656 3.3107268419116727 7.9481232883408657 41.150426148436964 28.878453613258898 6.0015929825603953 2.3399568162858477 1.6358636375516651 3.3744572969153515 46.640249961055815 23.18619897402823 25.617085728794336 10.654208013787864
leaf_count=4468 257 2583 32 56 459 165 46 36 9 68 612 228 187 64
internal_value=1.26363e-10 -0.0204026 0.0211777 -0.00353487 0.0148133 0.046232 0.0539279 0.0254121 -0.00797724 0.0274764 0.00360888 -0.00946494 0.0298502 0.0415034
internal_weight=413.492 210.618 202.873 99.1521 163.047 39.8266 34.88 83.1361 4.94659 80.7962 79.9107 33.2705 77.4217 36.2713
internal_count=9270 7107 2163 2639 1911 252 211 814 41 778 1097 485 710 251
is_linear=0
shrinkage=0.05


Tree=3
num_leaves=15
num_cat=0
split_feature=11 5 7 11 5 1 8 13 3 3 9 7 3 3
split_gain=70.9239 22.8139 12.7764 11.1663 7.3473 6.81361 7.13236 6.33302 4.32243 3.92747 3.38121 3.2713 3.89815 2.89519
threshold=0.78089887640449451 0.015628263474048533 0.23411600798910373 0.89325842696629221 0.010649446260398689 -0.060135989332393107 0.31376516151077433 68.097507362022213 -0.023391371902946208 0.10581963769606585 0.10349203054446988 0.036010819136743651 0.12846120861544688 0.066560879772961004
decision_type=2 2 2 2 2 2 2 2 2 2 2 2 2 2
left_child=1 -1 -3 8 -5 -6 7 10 -2 -10 -7 -8 13 -13
right_child=3 2 -4 4 5 6 11 -9 9 -11 -12 12 -14 -15
leaf_value=-0.03673281063351555 -0.016136719030461485 -0.0084381160254693721 0.056872824876389574 -0.022234689948699315 -0.037573550700096381 0.03588022902368028 0.044429635448731547 0.057839190125263319 0.016196202708938897 -0.04252553593070918 0.0031243774502105171 -0.017752787179117931 -0.047520807411881368 0.029571453719799579
leaf_weight=102.80621157307178 15.707905990071593 93.698593663051724 7.1341576166450968 5.3442731276154509 2.4236500654369584 42.972687866538763 3.458172949030998 37.97893463820219 49.774914965033531 2.0714006628841153 9.8441689666360599 4.7873991895467025 2.9308269992470732 6.5223149275407195
leaf_count=4576 273 2604 30 94 39 365 32 220 727 30 100 77 32 71
internal_value=-7.11182e-11 -0.0202775 -0.0033041 0.0224523 0.031787 0.0345653 0.0365052 0.0421168 0.00615771 0.0130898 0.0299466 0.00700488 -0.00440226 0.0097243
internal_weight=387.456 203.639 100.833 183.817 116.262 110.918 108.495 90.7958 67.5542 51.8463 52.8169 17.6987 14.2405 11.3097
internal_count=9270 7210 2634 2060 1030 936 897 685 1030 757 465 212 180 148
is_linear=0
shrinkage=0.05


Tree=4
num_leaves=15
num_cat=0
split_feature=11 5 4 4 5 6 2 7 1 7 6 8 11 8
split_gain=64.1737 18.2962 11.0287 9.25299 8.25142 5.32602 5.33617 4.50836 4.46973 3.79494 9.93005 3.61524 3.24122 3.2164
threshold=0.78089887640449451 0.015090917995118362 0.16706649897786965 -0.15594719991433667 0.018898318139131974 0.027425769178128345 -0.0064805905358337737 0.079950464751282327 -0.036335976838006372 0.051553360886846707 0.030782352420441 0.41053234176487136 0.96067415730337091 0.17222475114562566
decision_type=2 2 2 2 2 2 2 2 2 2 2 2 2 2
left_child=1 -1 4 -3 -2 7 -7 13 -8 -4 -11 -10 -9 -6
right_child=2 3 9 -5 5 6 8 12 11 10 -12 -13 -14 -15
leaf_value=-0.035772562542768713 0.0014508263670040653 0.037992587569489852 0.056444553843645322 -0.010199522931731299 0.036375457851780472 0.0048241826718241343 -0.031955551992703744 0.0042521999382748553 0.073854494930779072 -0.036544617199004474 0.04763410650396608 0.0052033756268808802 -0.055746865236831512 0.0011061943538893564
leaf_weight=92.303441707976162 62.570291824173182 10.175676635466514 25.170465236529708 91.512680116575211 23.759368628263474 6.2461291439831284 0.70175956562162056 16.052468318492178 14.020840791985391 4.2423298545181742 10.172197869978843 2.3802153747528783 1.5984857250004996 8.8349891360849124
leaf_count=4384 1017 102 141 2724 240 72 9 217 69 39 72 40 21 123
internal_value=-3.84316e-10 -0.0197788 0.0218201 -0.00505405 0.0148647 0.026097 0.0454854 0.0163755 0.0592485 0.0447894 0.022096 0.064763 -0.00387899 0.0271329
internal_weight=369.741 193.992 175.75 101.688 136.165 73.5943 23.3489 50.2453 17.1028 39.585 14.4145 16.4011 17.651 32.5944
internal_count=9270 7210 2060 2826 1808 791 190 601 118 252 111 109 238 363
is_linear=0
shrinkage=0.05


Tree=5
num_leaves=15
num_cat=0
split_feature=11 5 11 4 5 3 1 9 10 3 13 10 0 6
split_gain=57.3474 16.4087 8.9054 8.76727 6.24882 5.38185 4.36808 4.4058 3.55103 3.29541 3.1808 5.64057 3.65395 2.83112
threshold=0.78089887640449451 0.015090917995118362 0.89325842696629221 -0.14190571270525246 0.014740557502135401 0.10581963769606585 -0.060135989332393107 1.1140212074060301 0.28651685393258436 0.0074622294831991906 46.858299719875504 0.79213483146067432 0.013864198852070466 0.020508832548869843
decision_type=2 2 2 2 2 2 2 2 2 2 2 2 2 2
left_child=1 -1 9 8 5 -4 -6 10 -3 -2 11 12 -8 -12
right_child=2 3 4 -5 6 -7 7 -9 -10 -11 13 -13 -14 -15
leaf_value=-0.034743895126813577 -0.008641032980716409 0.048370042213915276 -0.015259238302522802 -0.011346831445111437 -0.030239605093150036 0.035796739566912816 0.039427110293744294 -0.025115621019923307 -0.00016896479501227456 0.014711110291623312 0.020479271594980329 -0.041769443244989934 -0.018805099706093759 0.048799880488674514
leaf_weight=87.52442233171314 24.233988745138049 8.5570216001942736 12.877379014156761 84.809293474070728 1.799212872982024 7.2325424198061219 13.914111170917755 2.1658244244754306 6.2091284012421957 36.984623517841101 13.035761054605244 2.386797944083809 2.6579621732234946 53.581126915290952
leaf_count=4384 474 97 210 2642 36 62 123 39 87 556 130 34 31 365
internal_value=2.1484e-11 -0.0190765 0.020878 -0.00509675 0.0293495 0.00392896 0.0349522 0.0366147 0.0292434 0.00547663 0.0384491 0.0189273 0.0295487 0.0436429
internal_weight=357.969 187.1 170.869 99.5754 109.651 20.1099 89.5408 87.7416 14.7662 61.2186 85.5758 18.9589 16.5721 66.6169
internal_count=9270 7210 2060 2826 1030 272 758 722 184 1030 683 188 154 495
is_linear=0
shrinkage=0.05


Tree=6
num_leaves=15
num_cat=0
split_feature=11 6 7 5 4 11 8 10 5 7 6 3 7 7
split_gain=52.8885 14.1755 6.08758 5.0101 4.32452 4.16558 4.14046 3.75203 3.7433 3.35416 2.96942 2.96522 2.82814 3.66352
threshold=0.89325842696629221 0.01795951711192775 0.23411600798910373 0.010649446260398689 0.065487569921317448 0.75842696629213491 0.9073933762733285 0.039325842696629219 0.016776463537796989 0.06514725497689218 0.020404370624431768 -0.099677116991325906 0.075737735922137242 0.046842032870664581
decision_type=2 2 2 2 2 2 2 2 2 2 2 2 2 2
left_child=1 4 5 -2 9 8 7 -5 -3 -1 12 -4 13 -7
right_child=3 2 11 6 -6 10 -8 -9 -10 -11 -12 -13 -14 -15
leaf_value=-0.03893923592627082 -0.021882431258329053 -0.030539377015230868 0.060921073601240307 -0.017140189670778176 0.00077224735493535345 -0.012202665846165653 -0.024248303272438737 0.034638840557882002 -0.0045201174040652966 -0.020114657681909159 -0.00065796220244108397 -0.013881080420206589 -0.0076636094303597722 0.055159896963092148
leaf_weight=46.512432659976184 3.9594520321115843 17.580484911799431 4.558467760682106 3.0595445483922949 13.851982984691857 2.2307488936930877 2.5873474869877091 97.328388964757323 55.822818794287741 56.422903632745147 30.887111216783524 1.3162217121571291 3.9767579482868305 7.5049612652510405
leaf_count=2132 94 949 25 52 367 41 55 829 1462 2576 515 13 77 83
internal_value=3.11985e-10 -0.0129969 -0.00117889 0.0290999 -0.0254159 -0.00381246 0.0312518 0.0329073 -0.0110786 -0.0289136 0.00812702 0.0445804 0.0266148 0.0400261
internal_weight=347.6 240.665 123.878 106.935 116.787 118.003 102.975 100.388 73.4033 102.935 44.5996 5.87469 13.7125 9.73571
internal_count=9270 8240 3165 1030 5075 3127 936 881 2411 4708 716 38 201 124
is_linear=0
shrinkage=0.05


Tree=7
num_leaves=15
num_cat=0
split_feature=11 6 7 5 3 11 1 8 4 3 13 7 4 5
split_gain=43.4723 13.7318 6.0807 4.09725 4.63708 3.65917 3.58359 3.69305 3.155 3.13802 2.94464 3.56411 2.92611 2.78151
threshold=0.89325842696629221 0.01616047864808939 0.23411600798910373 0.014740557502135401 0.10581963769606585 0.75842696629213491 -0.060135989332393107 0.34725465674149408 0.068897466118907694 -0.011106518387093199 86.68411394591422 0.026573269114125945 -0.10801419642008729 0.011067575928229994
decision_type=2 2 2 2 2 2 2 2 2 2 2 2 2 2
left_child=1 8 5 4 -2 9 -5 10 13 -3 11 -8 -4 -1
right_child=3 2 12 6 -6 -7 7 -9 -10 -11 -12 -13 -14 -15
leaf_value=-0.040440224973045467 -0.015057788502288658 -0.0036791243444488624 0.056481533066972248 -0.032320614260972207 0.033971362051550234 0.0064702566151926839 -0.027532756679290973 0.006485558254538103 -0.00040812063869370674 -0.023283047410943062 0.056322075448370104 0.032495259834979445 -0.03144576530330466 -0.020733796452960154
leaf_weight=38.783867166377604 11.360866496339442 58.407601326704025 4.9298577904701233 1.4598202221095551 6.9274904970079652 47.095346065238118 1.8538019433617581 12.767153058201073 9.616244697943328 30.778903347440064 15.035338036715983 57.918339915573597 0.46455136127769847 40.50162296416238
leaf_count=2002 210 1971 29 36 62 830 18 161 267 1160 84 459 9 1972
internal_value=-1.8518e-11 -0.0122296 -0.00251209 0.026145 0.00431246 -0.00471503 0.0305319 0.0319327 -0.0275155 -0.0106277 0.0361328 0.0302111 0.045176 -0.0307572
internal_weight=337.901 230.578 141.676 107.323 18.2884 136.282 89.0345 87.5746 88.9017 89.1865 74.8075 59.7721 5.39441 79.2855
internal_count=9270 8240 3999 1030 272 3961 758 722 4241 3131 561 477 38 3974
is_linear=0
shrinkage=0.05


Tree=8
num_leaves=15
num_cat=0
split_feature=11 6 7 8 13 6 3 10 4 11 5 4 5 16
split_gain=40.559 12.1101 5.35569 3.66441 4.53706 4.85055 6.79462 4.32341 3.61712 3.06705 2.9998 2.87522 2.87609 2.74001
threshold=0.89325842696629221 0.01616047864808939 0.23411600798910373 0.31376516151077433 46.645991808782057 0.020508832548869843 0.08886055151039042 0.79213483146067432 0.32617339111272775 0.75842696629213491 0.0183849075028143 0.10256734289101889 0.011542986338608998 35.942684235323149
decision_type=2 2 2 2 2 2 2 2 2 2 2 2 2 2
left_child=1 11 9 4 7 6 -6 -2 13 10 -3 12 -1 -7
right_child=3 2 -4 -5 5 8 -8 -9 -10 -11 -12 -13 -14 -15
leaf_value=-0.037790963393068089 0.017580619294599465 -0.021456790169234415 0.042181503705197403 0.0040498473615998079 -0.018870478625271789 -0.018556806036942718 0.044362706389957457 -0.043066205626838744 -0.017016544607624924 0.0053152020503372211 -0.0026788124699696557 0.011358671637952893 -0.018098478737204268 0.047585476192825563
leaf_weight=42.808561749756336 19.156588065437976 35.433057341724634 5.3081817263737312 17.233480963855982 8.4637763304635865 1.1223246231675137 6.7910979501903048 2.4695320669561616 1.91797775030136 46.603762748651206 51.902504431083798 4.193239831365644 38.105977165978402 48.424304300919175
leaf_count=2267 225 1661 38 237 141 11 56 42 14 830 1470 104 1870 304
internal_value=1.10033e-10 -0.0120196 -0.00288305 0.0254147 0.0294904 0.0358817 0.0102768 0.00905793 0.0431308 -0.00496837 -0.0104539 -0.0267611 -0.0288511 0.0457497
internal_weight=329.934 224.355 139.248 105.579 88.3456 66.7195 15.2549 21.6261 51.4646 133.939 87.3356 85.1078 80.9145 49.5466
internal_count=9270 8240 3999 1030 793 526 197 267 329 3961 3131 4241 4137 315
is_linear=0
shrinkage=0.05


Tree=9
num_leaves=15
num_cat=0
split_feature=11 6 7 1 8 5 13 8 4 5 4 6 3 4
split_gain=35.0748 10.2531 4.61725 3.50551 3.43675 3.02983 2.97867 3.38548 2.82388 2.75853 2.48483 2.36709 6.09374 3.29719
threshold=0.89325842696629221 0.01616047864808939 0.23411600798910373 -0.060135989332393107 0.31376516151077433 0.010165105976008974 46.645991808782057 -0.14066727146517086 0.10256734289101889 0.011067575928229994 -0.10801419642008729 0.020581198599587916 0.10581963769606585 0.32617339111272775
decision_type=2 2 2 2 2 2 2 2 2 2 2 2 2 2
left_child=1 8 -3 -2 5 -5 7 -7 9 -1 -4 12 -8 -13
right_child=3 2 10 4 -6 6 11 -9 -10 -11 -12 13 -14 -15
leaf_value=-0.036964068138509616 -0.035089419833156506 -0.004824071452402017 0.049988025010685277 -0.021984656141393655 0.003803683744051772 0.027903111590842911 -0.012683934669540868 -0.013253610956892391 0.011429101127262614 -0.017401409424660223 -0.030764948800221622 0.043191506330952201 0.050079258330976019 -0.025440053350888704
leaf_weight=38.213597221765667 1.633846292272209 131.93971495702863 4.776425514370203 2.1427248651161781 16.204042860306799 12.314671652391555 7.8772910777479392 7.2358898483216754 4.4628189774230114 39.614666108507663 0.4456241661682715 48.546094879508018 6.0489068441092968 1.1943081654608239
leaf_count=2102 41 3961 29 62 234 124 121 96 104 2035 9 297 42 13
internal_value=8.33624e-11 -0.0112988 -0.00287368 0.023905 0.0251869 0.029155 0.0307172 0.0127668 -0.0251385 -0.0273537 0.03926 0.0359467 0.0161062 0.0410747
internal_weight=322.651 219.453 137.162 103.198 101.564 85.3599 83.2172 19.5506 82.2911 77.8283 5.22205 63.6666 13.9262 49.7404
internal_count=9270 8240 3999 1030 989 755 693 220 4241 4137 38 473 163 310
is_linear=0
shrinkage=0.05


Tree=10
num_leaves=15
num_cat=0
split_feature=11 5 4 4 6 12 7 9 3 2 8 9 7 6
split_gain=30.2383 10.371 6.10564 5.19361 4.46177 6.19049 3.4723 3.18663 5.73333 2.67009 2.66246 2.34574 2.2609 2.24717
threshold=0.78089887640449451 0.014951632126243142 0.16706649897786965 -0.15594719991433667 0.025614282555239589 -0.48876404494382014 0.097465840674084273 0.21261674774859121 0.17060225697883682 -0.019082322983991536 -0.32402582500922833 0.71848089997425613 0.15392114634640039 0.022312836611930103
decision_type=2 2 2 2 2 2 2 2 2 2 2 2 2 2
left_child=1 -1 4 -3 6 10 -2 9 -9 -4 -6 12 -7 -8
right_child=2 3 7 -5 5 11 13 8 -10 -11 -12 -13 -14 -15
leaf_value=-0.028354698055242461 0.0077869782993799921 0.032115264653117669 -0.0020230192078651873 -0.0071977619223778343 0.019740027697151639 0.041471709135646365 -0.046571001074572405 0.028311469797941708 -0.053239548988841895 0.049846519906197574 -0.037580899716551257 -0.0097407687838612141 -0.02480666184712773 -0.00013533408293659864
leaf_weight=74.871973838191479 72.272138815838844 8.3464848957955819 2.7068104967474964 82.736981892492622 2.51250368822366 26.095400772988803 4.1506538102403265 7.9414545018225891 1.8605216629803178 21.241088435053825 4.2101210840046397 2.3351993635296813 0.7213827446103086 5.2841536980122328
leaf_count=4329 1245 102 33 2779 31 223 91 66 24 129 77 43 14 84
internal_value=3.0992e-10 -0.0146978 0.0161088 -0.00328565 0.0105572 0.0250047 0.00398814 0.0345899 0.00933652 0.0441377 -0.0163758 0.0347739 0.0388611 -0.0230691
internal_weight=317.287 165.955 151.331 91.0835 117.582 35.8746 81.7069 33.7499 9.80198 23.9479 6.72262 29.152 26.8168 9.43481
internal_count=9270 7210 2060 2881 1808 388 1420 252 90 162 108 280 237 175
is_linear=0
shrinkage=0.05


Tree=11
num_leaves=15
num_cat=0
split_feature=11 5 11 7 8 13 5 0 8 3 3 3 1 2
split_gain=26.1452 8.83457 5.38132 3.59108 3.15701 3.19262 2.75772 2.44826 2.34383 3.62513 2.32962 2.1703 2.12976 2.54339
threshold=0.89325842696629221 0.016545911580750378 0.75842696629213491 0.23411600798910373 0.9073933762733285 46.645991808782057 0.010649446260398689 0.015488770690214483 0.17975703173383331 0.036651439281726324 0.17060225697883682 -0.059895316623110699 -0.060135989332393107 -0.012623070916908672
decision_type=2 2 2 2 2 2 2 2 2 2 2 2 2 2
left_child=1 2 -1 -3 5 7 -7 12 -8 -10 -11 -5 -2 -14
right_child=4 3 -4 11 -6 6 8 -9 9 10 -12 -13 13 -15
leaf_value=-0.026033536531591031 -0.037001415412489025 -0.0015965391441432782 -0.00029848536558889734 0.049907638611310513 -0.025498881751293979 -0.014549230837228883 0.036473071754197249 -0.033190911559884309 -0.025006523919220147 0.029702639032009499 -0.02205347109816181 -0.029208214850024866 0.024592944324719125 -0.025967965081195928
leaf_weight=81.393404657021165 1.0743767255917251 102.40265384409577 26.99090011510998 4.2226854003965855 2.6776794642209998 3.0948987025767556 46.626529663801193 2.537024373188614 3.6510459817945984 18.364839935675267 1.722484785132109 0.36000111699104209 14.847794153727596 2.1061121132224754
leaf_count=4762 34 2791 658 26 61 74 371 38 53 180 18 3 163 38
internal_value=-3.05446e-10 -0.00969408 -0.0196861 0.000517129 0.0214682 0.02306 0.0278855 0.00532951 0.0299296 0.0161223 0.0244292 0.0395739 0.0122097 0.0172154
internal_weight=312.072 215.37 108.384 106.985 96.7028 94.0251 73.4598 20.5653 70.3649 23.7384 20.0873 4.58269 18.0283 16.9539
internal_count=9270 8240 5420 2820 1030 969 696 273 622 251 198 29 235 201
is_linear=0
shrinkage=0.05


Tree=12
num_leaves=15
num_cat=0
split_feature=11 5 11 4 4 5 7 5 6 8 10 4 4 7
split_gain=23.5921 8.12433 5.06389 3.2497 2.9576 3.35579 2.90696 2.82737 3.15113 2.41877 2.33223 2.30712 2.23624 2.18643
threshold=0.89325842696629221 0.018001804448019555 0.75842696629213491 -0.11283922728455024 0.16706649897786965 0.018898318139131974 0.15392114634640039 0.034822836431848934 0.030782352420441 0.34725465674149408 0.039325842696629219 0.098967927316163121 -0.044670018413547778 0.12441695128291565
decision_type=2 2 2 2 2 2 2 2 2 2 2 2 2 2
left_child=1 2 12 -3 5 -2 -5 -6 -9 10 -7 13 -1 -11
right_child=4 3 -4 6 7 9 -8 8 -10 11 -12 -13 -14 -15
leaf_value=-0.013866864144446461 -0.00041814674493313887 0.021427888997936094 -5.8943302831434796e-05 2.9274332306384153e-05 0.039608097289810094 -0.030100935773634232 -0.040875528270539099 -0.044161941032078079 0.023672507345636085 0.028811497673501458 0.030800946229959034 -0.041784593584395631 -0.030287401327985769 -0.03932091326424271
leaf_weight=38.727337297052145 24.943043728359044 16.520961668342352 30.635969138238579 70.363737611100078 26.057299567386512 0.88439035415649314 3.6290615694597355 1.6047121733427037 3.9956596828997135 3.9674463476985684 31.684234645217657 1.7425030749291179 52.318799347151071 0.60841033421456803
leaf_count=2221 384 351 736 1849 188 19 110 15 42 62 278 32 2973 10
internal_value=2.8613e-10 -0.00928412 -0.0176688 0.00205773 0.0205139 0.0139506 -0.00249526 0.0329147 0.000489464 0.0229464 0.0282997 -0.00474409 -0.0235293 0.0143252
internal_weight=307.684 212.196 121.682 90.5138 95.4877 63.83 73.9928 31.6577 5.60037 38.887 32.5686 6.31836 91.0461 4.57586
internal_count=9270 8240 5930 2310 1030 785 1959 245 57 401 297 104 5194 72
is_linear=0
shrinkage=0.05


Tree=13
num_leaves=15
num_cat=0
split_feature=11 6 4 6 16 7 10 8 4 4 7 1 12 9
split_gain=21.0351 7.45605 2.83485 2.83891 3.37933 2.73793 2.73701 2.58132 2.46948 2.27077 2.8609 2.23826 2.21457 2.1614
threshold=0.89325842696629221 0.01795951711192775 0.16706649897786965 0.025614282555239589 57.899032490877943 0.23411600798910373 0.97191011235955072 -0.15959804654298135 0.048335491698715101 0.083231372243094751 0.084398168434956525 0.03468022210062139 0.039325842696629261 0.21261674774859121
decision_type=2 2 2 2 2 2 2 2 2 2 2 2 2 2
left_child=1 9 3 6 7 -3 8 -5 11 10 -1 -2 -8 -4
right_child=2 5 13 4 -6 -7 12 -9 -10 -11 -12 -13 -14 -15
leaf_value=-0.027654498191881583 -0.025486597368568915 -0.0018304301964059324 0.039618362605886526 0.019148320138878697 0.037692353109244951 0.03448993999690135 -0.051684493366722255 -0.032402660341825845 0.017229555347969137 0.0062635700051967575 -0.0083207338327054674 0.027201118374996676 0.010184082561510092 0.0088985838489977539
leaf_weight=58.36828367318958 6.7879082355648261 108.55799675779417 22.525222644209865 5.3043876625597477 17.192854834720492 4.4467115234583607 2.6496109785512081 2.9502174239605683 24.696915013715625 7.7398544196039429 29.919517621397972 1.816180571913719 1.9315539235249159 8.4890809981152398
leaf_count=3215 130 3127 161 63 140 38 47 45 311 216 1644 22 27 84
internal_value=-4.19348e-10 -0.00884155 0.019477 0.0130662 0.0256528 -0.000111237 0.00416873 -0.00078654 0.00935432 -0.0190083 -0.0212691 -0.0126908 -0.028448 0.0317505
internal_weight=303.376 209.032 94.3439 63.3296 25.4475 113.005 37.8822 8.25461 33.301 96.0277 88.2878 8.60409 4.58116 31.0143
internal_count=9270 8240 1030 785 248 3165 537 108 463 5075 4859 152 74 245
is_linear=0
shrinkage=0.05


Tree=14
num_leaves=15
num_cat=0
split_feature=11 5 11 8 2 5 1 4 7 9 9 10 1 6
split_gain=18.7978 6.67161 4.20637 2.50201 2.82168 2.46075 2.3333 2.27222 2.00629 1.89738 2.76336 2.4581 1.78925 1.8971
threshold=0.89325842696629221 0.018001804448019555 0.75842696629213491 0.9073933762733285 0.057296835900012895 0.010165105976008974 0.01139152009566924 -0.15594719991433667 0.066757675632158744 0.10349203054446988 0.30946063564631027 0.039325842696629219 0.0023820424810002687 0.020747846471402594
decision_type=2 2 2 2 2 2 2 2 2 2 2 2 2 2
left_child=1 2 8 4 5 -2 -6 -3 -1 11 12 -7 13 -11
right_child=3 7 -4 -5 6 9 -8 -9 -10 10 -12 -13 -14 -15
leaf_value=-0.030534306280540296 -0.031694923486106051 0.02872024211937188 -1.3673283514880158e-05 -0.02385572543354857 -0.023477233233279042 -0.018880660446725029 0.036322935406844142 -0.00042688639693494999 -0.014697735270743324 -0.030105617976689737 0.022515343041876513 0.024556114648347248 -0.030616865164226511 0.028877833353507056
leaf_weight=36.921263293828815 1.9507318288087834 6.2689655497670165 30.102007520385087 2.558575637638568 1.0757036851719046 2.8174538845196357 26.452948430553079 83.113772619515657 50.54324497282505 1.1502717193216101 7.8938615396618834 40.102635597810149 5.9254773706197739 2.8883957043290138
leaf_count=2268 65 75 736 61 13 52 229 2235 2926 22 92 393 77 26
internal_value=3.11434e-10 -0.00838202 -0.0161588 0.0185793 0.0200304 0.0138005 0.0332452 0.00191253 -0.0216524 0.0157501 0.00189655 0.0213398 -0.0150019 0.00943765
internal_weight=299.765 206.949 117.567 92.8161 90.2575 62.7288 27.5287 89.3827 87.4645 60.7781 17.858 42.9201 9.96414 4.03867
internal_count=9270 8240 5930 1030 969 727 242 2310 5194 662 217 445 125 48
is_linear=0
shrinkage=0.05


Tree=15
num_leaves=15
num_cat=0
split_feature=11 5 11 7 5 8 13 4 7 9 10 6 3 4
split_gain=16.1694 6.22857 3.5594 2.4503 4.20129 3.38004 3.09789 3.31712 3.08297 3.0815 2.39849 2.30374 2.23099 2.20265
threshold=0.89325842696629221 0.018001804448019555 0.75842696629213491 0.036010819136743651 0.018898318139131974 0.34725465674149408 46.858299719875504 0.32617339111272775 0.11164605159428322 0.15549651429670522 0.75842696629213491 0.020037308647815982 0.054638902103604566 -0.11283922728455024
decision_type=2 2 2 2 2 2 2 2 2 2 2 2 2 2
left_child=1 2 -1 12 8 6 10 11 9 -5 -6 -8 -2 -3
right_child=3 13 -4 4 5 -7 7 -9 -10 -11 -12 -13 -14 -15
leaf_value=-0.020607665414212425 -0.0029040883287372084 0.017698212488417801 -0.00054024796850927201 0.0008615305617330764 0.013013459612523336 -0.0083545281574762629 -0.012521563352614496 -0.039217840451654107 0.033779798692881301 -0.041433386646856529 -0.041590588265294021 0.040005831933559062 0.041093760727262375 -0.0017966476006775808
leaf_weight=85.207212853711098 3.3550462061539319 17.092946958728135 29.787031691521406 11.955757289193576 10.766183677129446 8.1429989989846927 1.796657046303159 0.7201475016772737 3.0860161352902642 5.6964645283296695 1.4326959587633599 29.253055408596992 15.10240527614951 72.034256384707987
leaf_count=5194 58 351 736 186 131 125 25 10 33 105 26 195 136 1959
internal_value=5.83275e-11 -0.00782057 -0.0154591 0.0173785 0.012933 0.020398 0.0257904 0.0338061 -0.00590069 -0.0142769 0.0039353 0.0366705 0.033358 0.00209699
internal_weight=295.429 204.121 114.994 91.3074 72.85 52.1117 43.9687 31.7699 20.7382 17.6522 12.1989 31.0497 18.4575 89.1272
internal_count=9270 8240 5930 1030 836 512 387 230 324 291 157 220 194 2310
is_linear=0
shrinkage=0.05


Tree=16
num_leaves=15
num_cat=0
split_feature=11 5 11 1 3 10 8 3 6 4 4 3 6 6
split_gain=14.881 5.41779 3.40649 2.35046 5.32942 3.12096 2.88802 2.93095 3.69397 2.30092 2.26393 2.2027 1.94566 2.07644
threshold=0.89325842696629221 0.018001804448019555 0.72471910112359561 -0.015132088964438626 0.048317111675828535 0.050561797752808994 0.9073933762733285 0.076547958936011865 0.028366774654564362 -0.044670018413547778 -0.11283922728455024 0.0045841633172497573 0.025779579355048845 0.020669014288625314
decision_type=2 2 2 2 2 2 2 2 2 2 2 2 2 2
left_child=1 2 9 4 5 -2 7 8 12 -1 -3 -4 13 -5
right_child=3 10 11 6 -6 -7 -8 -9 -10 -11 -12 -13 -14 -15
leaf_value=-0.010280991760068761 -0.032618053718792055 0.017261067271297472 -0.018039943255656731 -0.0085779859822086284 -0.038397034974506958 0.027466263142379477 -0.027565681888651453 0.033401076980943488 0.037776870160796512 -0.027779110410175195 -0.0022791130082754881 0.0078470058959475442 -0.029289422178234645 0.020425621094366318
leaf_weight=35.078999294433743 1.7428729860112095 17.638520740903914 11.726659604813902 10.322519018314784 5.0751671567559233 11.277190845459698 2.1476318789646021 33.246974642388523 9.2900437191128713 44.457614465616643 71.603188707493246 22.213382224552333 3.1697730571031562 12.895275389775632
leaf_count=2185 38 351 405 184 67 131 57 302 76 2797 1959 543 38 137
internal_value=1.47523e-10 -0.00748525 -0.0146854 0.0169117 0.000757936 0.0176705 0.0209569 0.0228414 0.0123588 -0.0202852 0.00173146 -0.00135754 0.00235746 0.00770901
internal_weight=291.886 202.718 113.477 89.1674 18.0952 13.0201 71.0722 68.9246 35.6776 79.5366 89.2417 33.94 26.3876 23.2178
internal_count=9270 8240 5930 1030 236 169 794 737 435 4982 2310 948 359 321
is_linear=0
shrinkage=0.05


Tree=17
num_leaves=15
num_cat=0
split_feature=11 5 11 1 3 4 7 11 9 5 12 4 8 5
split_gain=13.2392 5.18711 3.20103 2.13109 2.11063 2.09659 2.04759 2.02726 3.16311 2.69543 2.04456 1.75222 1.7073 1.65483
threshold=0.89325842696629221 0.018001804448019555 0.72471910112359561 -0.053585238639947512 0.0045841633172497573 -0.044670018413547778 0.21598335597797544 0.98314606741573041 0.47912478258504648 0.014740557502135401 0.011235955056179791 -0.10201851370653979 -0.27482265262058292 0.041695868009044255
decision_type=2 2 2 2 2 2 2 2 2 2 2 2 2 2
left_child=1 2 5 -2 12 -1 -3 9 10 -5 -9 -8 -4 -11
right_child=3 6 4 7 -6 -7 11 8 -10 13 -12 -13 -14 -15
leaf_value=-0.010254291229918661 -0.023174588222286116 -8.9108882306277058e-05 0.014630129523373571 -0.0079128928418819473 0.0072801922329433603 -0.027221199756333497 0.040984515617195301 0.039813857449057584 -0.020583615083674907 0.019081109291053638 -0.019277589212121082 -0.025583381143200152 -0.027767686520438175 -0.028143254826792433
leaf_weight=34.53388553718105 2.5188226168975225 84.503163121640682 2.4279448059387496 12.378535027615724 22.836506308987737 42.501417205668986 4.2578449212014675 19.432719097472734 2.1249233642593017 49.575282737612724 0.99983922019600768 0.50479174219071765 8.8840898331254703 1.0722060129046429
leaf_count=2185 53 2261 71 229 543 2797 39 143 35 547 10 10 334 13
internal_value=-8.07425e-11 -0.00709822 -0.0142561 0.0160482 -0.00144452 -0.019844 0.00187639 0.0174569 0.0301658 0.0125082 0.0361578 0.0307138 -0.0182185 0.0175558
internal_weight=288.552 200.45 111.184 88.1023 34.1485 77.0353 89.2658 85.5835 22.5575 63.026 20.4326 4.76264 11.312 50.6475
internal_count=9270 8240 5930 1030 948 4982 2310 977 188 789 153 49 405 560
is_linear=0
shrinkage=0.05


Tree=18
num_leaves=15
num_cat=0
split_feature=11 5 7 11 9 5 4 10 13 3 5 4 3 2
split_gain=12.0022 4.62651 2.63457 2.29789 2.63084 2.14193 2.02104 2.00823 1.9984 1.96839 1.94724 3.64783 1.88045 1.86195
threshold=0.89325842696629221 0.0096506175360554346 0.21598335597797544 0.98314606741573041 0.47912478258504648 0.014740557502135401 -0.10201851370653979 0.039325842696629219 70.523118279640059 -0.059895316623110699 0.034822836431848934 0.03840937768789688 0.10581963769606585 0.037519786096258174
decision_type=2 2 2 2 2 2 2 2 2 2 2 2 2 2
left_child=1 -1 8 5 13 -2 9 -7 -3 -4 -9 -12 -10 -5
right_child=3 2 6 4 -6 7 -8 10 12 -11 11 -13 -14 -15
leaf_value=-0.022892766938770071 -0.0080346118172297375 -0.0065954496609241381 0.049812002732795138 0.014264720427262205 -0.018594281912460348 -0.033007994966115305 -0.030521078627191431 0.019264219337825041 0.013727193304765406 -0.020732328814968559 0.037026768794085903 -0.047564988898087385 -0.037271384555462368 0.045916018288657628
leaf_weight=35.359402305446565 12.280603543855248 137.2345883063972 4.2437916286289692 9.060871998779481 2.0536157302558413 1.2277746265754093 0.50889124535024066 45.921594535931945 19.960786952171478 0.63387423288077105 1.1905892752110951 2.2284640949219465 1.0193361490964878 12.337113216519354
leaf_count=2109 235 5503 33 89 37 28 13 516 544 13 10 35 25 80
internal_value=-1.43085e-10 -0.00675303 -0.00314684 0.0154677 0.0285921 0.0101993 0.0283841 0.0146974 -0.00439187 0.0386769 0.0165166 -0.0163952 0.00966643 0.0337487
internal_weight=285.261 198.961 163.601 86.3006 23.4516 62.849 5.38656 50.5684 158.215 4.87767 49.3406 3.41905 20.9801 21.398
internal_count=9270 8240 6131 1030 206 824 59 589 6072 46 561 45 569 169
is_linear=0
shrinkage=0.05


Tree=19
num_leaves=15
num_cat=0
split_feature=11 5 11 7 7 6 13 6 8 8 9 7 8 4
split_gain=11.1662 4.66293 2.48886 2.22171 3.71584 3.81304 3.55052 2.88159 2.49484 2.44724 2.0689 2.02827 1.94771 1.92917
threshold=0.89325842696629221 0.018001804448019555 0.72471910112359561 0.036010819136743651 0.045523530815892173 0.025253299408496736 46.645991808782057 0.024071700806965631 0.21520416764968889 -0.15959804654298135 -0.24568459425678493 0.21598335597797544 0.082417771959577793 -0.056501016418926679
decision_type=2 2 2 2 2 2 2 2 2 2 2 2 2 2
left_child=1 2 13 -2 10 7 9 8 -6 -7 -5 -3 -11 -1
right_child=3 11 -4 4 5 6 -8 -9 -10 12 -12 -13 -14 -15
leaf_value=-0.0080477759550600485 0.030472532746346499 2.1458719218953338e-05 -0.0019900950535478284 0.024916100135923679 0.015490537499854679 0.015302483650009347 0.03295332524654683 -0.041826081800433471 -0.019953830285630091 -0.054933135781867419 -0.040071359942045338 0.03100566734540415 0.013493109826232683 -0.024788394822765861
leaf_weight=29.400161552242935 17.71910076867789 84.681376290507615 33.44289087690413 0.85549062490463246 16.463846166618175 6.206086054444313 27.414210703223944 2.7110316902399054 5.9833323191851369 1.9755300525575861 4.2687245421111575 4.6332907509058705 1.0942951142787931 45.643137200735509
leaf_count=1880 194 2261 948 7 218 77 240 54 114 39 72 49 15 3102
internal_value=3.46947e-10 -0.00650351 -0.0134209 0.0150879 0.0106291 0.0141194 0.0241819 -0.000918938 0.00559471 -0.00242564 -0.0269248 0.00195431 -0.0332193 -0.0184219
internal_weight=282.493 197.801 108.486 84.6916 66.9725 61.8483 36.6901 25.1582 22.4472 9.27591 5.12422 89.3147 3.06983 75.0433
internal_count=9270 8240 5930 1030 836 757 371 386 332 131 79 2310 54 4982
is_linear=0
shrinkage=0.05


Tree=20
num_leaves=15
num_cat=0
split_feature=11 5 5 3 11 9 3 2 1 5 4 0 4 2
split_gain=9.8067 4.57608 1.99854 2.15181 1.97171 2.82389 3.03971 2.76923 3.22009 1.97177 1.70058 1.68025 1.56878 1.75002
threshold=0.89325842696629221 0.0095752149928622198 0.02208106354372321 -0.050614262215332599 0.98314606741573041 0.21261674774859121 0.17060225697883682 0.037519786096258174 0.014763046659738046 0.014740557502135401 0.044910881750625971 -0.029152202994429385 0.098967927316163121 -0.058497451245078318
decision_type=2 2 2 2 2 2 2 2 2 2 2 2 2 2
left_child=1 -1 10 -4 9 7 -7 8 12 -2 -3 -11 -6 -14
right_child=4 2 3 -5 5 6 -8 -9 -10 11 -12 -13 13 -15
leaf_value=-0.022578957267113318 -0.0084340955873894851 -0.0090947888927856088 0.017396232882654662 -0.0032150711386617521 -0.026272804460173139 0.01628915065611659 -0.052091356123949765 0.055545711189757631 -0.040349215952165299 -0.013906915427999798 0.0066008748599538872 0.016621657192777785 -0.018777990804689171 0.043972912241025709
leaf_weight=33.693854032550007 11.914586714468895 92.617909803055227 21.199596318416297 28.883477149531245 0.48180278018117473 5.3662085384130469 1.1829172885045407 8.4736565724015218 1.3029584437608717 4.2539456086233249 20.392849685624242 43.994194947183132 0.75521683879196899 5.5080260504037115
leaf_count=2076 235 4388 510 696 11 56 20 47 17 66 570 523 14 41
internal_value=-1.03846e-10 -0.00608462 -0.00256019 0.00567922 0.0142872 0.0264874 -0.00132611 0.0369591 0.0134133 0.00925219 -0.00622944 0.0137023 0.0276675 0.0348629
internal_weight=280.021 196.788 163.094 50.0831 83.2335 23.0708 6.54913 16.5217 8.048 60.1627 113.011 48.2481 6.74505 6.26324
internal_count=9270 8240 6164 1206 1030 206 76 130 83 824 4958 589 66 55
is_linear=0
shrinkage=0.05


Tree=21
num_leaves=15
num_cat=0
split_feature=11 5 11 9 3 2 1 5 3 5 13 6 5 10
split_gain=8.52787 4.11225 2.20395 2.92097 2.41424 2.32084 2.67922 1.70769 2.01558 1.68996 1.68857 1.55941 1.51905 1.45674
threshold=0.89325842696629221 0.0095752149928622198 0.98314606741573041 0.21261674774859121 0.17060225697883682 0.037519786096258174 0.014763046659738046 0.02208106354372321 -0.050614262215332599 0.014740557502135401 72.596783195966438 0.020581198599587916 0.041695868009044255 0.039325842696629219
decision_type=2 2 2 2 2 2 2 2 2 2 2 2 2 2
left_child=1 -1 9 5 -5 6 -4 10 -9 -2 -3 -12 13 -11
right_child=2 7 3 4 -6 -7 -8 8 -10 12 11 -13 -14 -15
leaf_value=-0.021524201512167138 -0.0083317133619631775 -0.0080691133558203655 0.027796256550475015 0.013687755108244168 -0.048398419494145806 0.054492462168300997 -0.035070992394670708 0.016203136108981216 -0.0036306876508433619 -0.027707396992236039 0.024015285080353225 -0.0084659788416342387 -0.029569714940837523 0.015554170073840766
leaf_weight=32.934861988760531 11.73288795724511 98.239791471976787 6.632732084952301 5.1869780076667658 1.0984999891370533 8.2754927501082403 1.2628797013312576 22.059991025365889 28.163200727663934 1.1418225383386005 7.5809353487566096 5.7880434971302748 1.1798377539962519 45.5053555900231
leaf_count=2076 235 4579 66 56 20 47 17 510 696 28 209 170 16 545
internal_value=3.01124e-11 -0.00569468 0.013429 0.0264901 -0.0023167 0.0371697 0.0149287 -0.00236077 0.00522735 0.00814836 -0.00579148 0.0103422 0.0122791 0.0139359
internal_weight=276.783 194.767 82.0165 22.4566 6.28548 16.1711 7.89561 161.832 50.2232 59.5599 111.609 13.369 47.827 46.6472
internal_count=9270 8240 1030 206 76 130 83 6164 1206 824 4958 379 589 573
is_linear=0
shrinkage=0.05


Tree=22
num_leaves=15
num_cat=0
split_feature=11 7 4 3 5 7 6 7 12 9 9 3 10 7
split_gain=7.68673 5.10182 3.43143 2.23343 2.18559 2.09529 2.93612 2.59199 2.58651 2.07432 1.99989 2.90922 1.84048 2.2104
threshold=0.75842696629213491 0.066757675632158744 0.16706649897786965 -0.0084627382987682558 0.02208106354372321 0.15392114634640039 0.025614282555239589 0.097465840674084273 -0.48876404494382014 -0.31302303831533812 0.21261674774859121 0.17060225697883682 0.90449438202247201 0.068004487455105081
decision_type=2 2 2 2 2 2 2 2 2 2 2 2 2 2
left_child=1 -1 5 4 -3 6 7 12 9 -8 -4 -12 -2 -14
right_child=2 3 10 -5 -6 -7 8 -9 -10 -11 11 -13 13 -15
leaf_value=-0.023964287134334728 0.0084493762928812138 -0.0043816794957102943 0.032754520892277511 -0.016036956188377277 0.012748443073972085 -0.04218015406285882 0.020344328264662731 -0.023513634737768963 0.026068851586019307 -0.033196416185926579 0.017352251814869078 -0.047201250799819523 -0.023538670070289244 0.010866723555634889
leaf_weight=36.58260295400396 51.957711107563227 53.347687611822039 18.716790251433853 22.34684077790007 27.342637285590172 1.3707085317000736 2.3462568395771086 8.9528597919270378 22.919254094362259 3.1009980672970441 6.400444831699132 1.2860365752130745 10.517724520526828 7.0731115499511352
leaf_count=2443 1070 2886 162 1004 671 39 33 207 274 62 66 24 208 121
internal_value=1.05703e-10 -0.00819132 0.00849194 -0.00241473 0.00150802 0.00444474 0.00542825 0.000377956 0.0189156 -0.0105566 0.0243155 0.00236121 0.00374318 -0.0098642
internal_weight=274.262 139.62 134.642 103.037 80.6903 108.239 106.868 78.5014 28.3665 5.44725 26.4033 7.68648 69.5485 17.5908
internal_count=9270 7004 2266 4561 3557 2014 1975 1606 369 95 252 90 1399 329
is_linear=0
shrinkage=0.05


Tree=23
num_leaves=15
num_cat=0
split_feature=11 7 4 3 5 9 12 10 6 7 16 3 6 7
split_gain=6.94801 4.65814 2.80828 1.89409 2.11546 1.75312 2.96813 1.7318 2.201 1.94654 2.06123 2.3339 2.04265 1.93145
threshold=0.75842696629213491 0.066757675632158744 0.16706649897786965 -0.0084627382987682558 0.01786779921613612 -0.12230502496215338 0.12921348314606745 0.016853932584269666 0.025614282555239589 0.097465840674084273 23.658745971641252 0.015093535364447243 0.023693015110289203 0.048692564160561287
decision_type=2 2 2 2 2 2 2 2 2 2 2 2 2 2
left_child=1 -1 7 4 -3 -6 -7 -2 9 10 -9 -12 13 -13
right_child=2 3 -4 -5 5 6 -8 8 -10 -11 11 12 -14 -15
leaf_value=-0.023121749574079156 -0.036919119609212452 -0.0082607629051006468 0.022588930282578055 -0.015133484269341592 -0.0035995258387286943 0.030246487557584984 -0.0015497524701835476 0.028023702609326101 0.016981850519913778 -0.020832058932606035 -0.0130385242186574 -0.00058614721087695964 -0.024791385068265948 0.021389893825508859
leaf_weight=35.645948360208422 1.4877228680998076 33.603350101038814 25.902368140406907 21.628736417274922 19.371971162967384 14.90650956798345 13.455040491186081 6.7699237968772641 28.557809209451079 8.1096109654754382 19.905560549348593 19.285503406077623 3.5456679333001366 19.646624907385558
leaf_count=2443 42 2285 252 1004 552 357 363 120 374 206 506 371 66 329
internal_value=2.01548e-10 -0.00780906 0.00812331 -0.00233651 0.00120887 0.007908 0.015623 0.00445524 0.00537709 0.000925571 0.00373767 0.000701568 0.00729212 0.0107617
internal_weight=271.822 138.612 133.211 102.966 81.3369 47.7335 28.3616 107.308 105.821 77.2629 69.1533 62.3834 42.4778 38.9321
internal_count=9270 7004 2266 4561 3557 1272 720 2014 1972 1598 1392 1272 766 700
is_linear=0
shrinkage=0.05


Tree=24
num_leaves=15
num_cat=0
split_feature=5 11 13 8 7 9 7 6 4 7 3 3 3 6
split_gain=6.38487 3.94622 1.6812 2.30107 2.24902 1.94799 1.75662 3.31886 1.53728 1.53417 1.49542 1.42691 1.31581 1.30846
threshold=0.010649446260398689 0.89325842696629221 46.645991808782057 0.31376516151077433 0.07760537268537189 -0.31302303831533812 0.092505688077539075 0.027166307926354629 -0.15594719991433667 0.031425884989556348 0.12846120861544688 0.066560879772961004 0.043054790840222464 0.023438425027020791
decision_type=2 2 2 2 2 2 2 2 2 2 2 2 2 2
left_child=-1 8 4 6 12 -6 -4 13 -2 -5 11 -11 -3 -8
right_child=1 2 3 9 5 -7 7 -9 -10 10 -12 -13 -14 -15
leaf_value=-0.017145495353894719 0.019328153401554388 0.024466800460655646 0.015148157448419875 0.032412227780479273 0.010122694255317069 -0.036200466660137459 0.023030536902161346 0.050557895547771986 -0.0025619894821053823 -0.018994662583565664 -0.03914680832946759 0.01675258977598143 -0.013347630472866245 -0.031164081245033004
leaf_weight=44.244367389008403 7.5046304194256654 7.3111773319542426 33.635802738368511 1.7121055256575335 3.0953497304581106 4.9420887343585473 1.0304302535951131 9.3999326936900598 141.01105772750452 4.052571031264959 2.1077323127537957 5.2408119551837444 2.4485731869935989 1.5841516479849813
leaf_count=2701 156 93 365 18 42 93 10 72 5477 74 40 75 33 21
internal_value=1.91287e-10 0.00343131 0.0125732 0.0165908 -0.000868895 -0.0192146 0.021794 0.0378061 -0.00133399 -0.00178376 -0.00911853 0.000833339 0.0146209 -0.00934294
internal_weight=269.321 225.076 76.5607 58.7635 17.7972 8.03744 45.6503 12.0145 148.516 13.1132 11.4011 9.29338 9.75975 2.61458
internal_count=9270 6569 936 675 261 135 468 103 5633 207 189 149 126 31
is_linear=0
shrinkage=0.05


Tree=25
num_leaves=15
num_cat=0
split_feature=11 7 11 1 6 9 6 3 3 5 2 1 4 2
split_gain=5.92787 4.17587 2.48758 1.80811 2.14462 1.75888 1.6754 2.20086 1.63944 1.87406 1.56772 3.38824 1.5252 1.76658
threshold=0.75842696629213491 0.066757675632158744 0.98314606741573041 0.060125013281133295 0.033840345038530291 0.47912478258504648 0.017342025016155341 0.0266554237431933 -0.0084627382987682558 0.02208106354372321 0.037519786096258174 0.014763046659738046 0.098967927316163121 -0.058497451245078318
decision_type=2 2 2 2 2 2 2 2 2 2 2 2 2 2
left_child=1 -1 3 4 6 10 7 -2 9 -3 11 12 -4 -14
right_child=2 8 5 -5 -6 -7 -8 -9 -10 -11 -12 -13 13 -15
leaf_value=-0.021995633302732187 -0.02553229270330621 -0.0043830688723734473 -0.026770483117478674 0.023704033685366537 -0.037136531362651382 -0.016616141912426389 0.0070925605651651277 0.0054717993051583537 -0.014233837391310386 0.011330682737272522 0.039547511298752371 -0.040725970248488563 -0.020346695566046999 0.041379703086038375
leaf_weight=34.644465091638267 9.2858879021368939 52.839985951781273 0.50745809078217075 9.9932576967403275 2.3407383058220139 1.8886868199333537 76.108941975980997 12.27083753235638 20.899946617428213 28.313181970268488 10.62147483602166 1.615192227065563 0.77039376646280544 5.7051364947110388
leaf_count=2443 362 2886 11 144 37 37 1265 252 1004 671 80 19 14 45
internal_value=1.19919e-11 -0.00725931 0.00756645 0.00444518 0.0023051 0.0228952 0.00361719 -0.00842352 -0.0020918 0.00117042 0.0274077 0.00985325 0.0251885 0.0322967
internal_weight=267.806 136.698 131.108 110 100.006 21.1083 97.6657 21.5567 102.053 81.1532 19.2197 8.59818 6.98299 6.47553
internal_count=9270 7004 2266 2060 1916 206 1879 614 4561 3557 169 89 70 59
is_linear=0
shrinkage=0.05


Tree=26
num_leaves=15
num_cat=0
split_feature=11 7 11 9 2 1 3 5 5 6 3 5 10 8
split_gain=5.55527 3.75387 2.09389 2.03202 2.3757 2.53997 2.1706 1.56272 1.74142 2.49434 1.45338 1.7693 1.36291 1.54416
threshold=0.75842696629213491 0.069035078621313486 0.98314606741573041 0.21261674774859121 0.037519786096258174 0.014763046659738046 0.17060225697883682 0.039307114566529723 0.016545911580750378 0.017342025016155341 -0.0084627382987682558 0.02208106354372321 0.016853932584269666 0.17626965322953184
decision_type=2 2 2 2 2 2 2 2 2 2 2 2 2 2
left_child=1 -1 7 4 5 -4 -5 8 -2 -10 11 -3 -11 -14
right_child=2 10 3 6 -6 -7 -8 -9 9 12 -12 -13 13 -15
leaf_value=-0.020693301120202397 -0.0024970816723649705 -0.0044570513646979342 0.023028737580417964 0.012767372390981467 0.049524114544281309 -0.03666047784483694 -0.04699964397042284 -0.029927285579335602 -0.018873707666352886 -0.031154281650947503 -0.013804001397248723 0.010873096270453077 0.019820261188555375 0.0019626333328721696
leaf_weight=35.872947979951277 41.665427228901535 51.483675689436495 6.4611006043851393 4.8791132802143684 7.2656397260725498 1.3815652690827844 1.0526867797598241 2.2306992672383776 5.6888277307152739 0.75892908778041501 19.69186192471534 28.355975713580847 41.346771009266376 17.283416293561459
leaf_count=2564 972 2811 66 56 47 17 20 44 152 26 962 667 591 275
internal_value=6.83446e-11 -0.00706271 0.00735329 0.0214357 0.0306586 0.00955712 -0.00308934 0.00446416 0.00545395 0.0105053 -0.00199303 0.00105478 0.0135854 0.0146773
internal_weight=265.419 135.404 130.014 21.0401 15.1083 7.84267 5.9318 108.974 106.743 65.0779 99.5315 79.8397 59.3891 58.6302
internal_count=9270 7004 2266 206 130 83 76 2060 2016 1044 4440 3478 892 866
is_linear=0
shrinkage=0.05


Tree=27
num_leaves=15
num_cat=0
split_feature=11 7 11 1 9 2 1 3 3 0 8 8 5 4
split_gain=5.28892 3.4823 1.79792 1.5848 1.571 2.40565 1.9748 1.73128 1.49285 1.68175 1.33389 1.28706 1.4197 1.87806
threshold=0.75842696629213491 0.066757675632158744 0.98314606741573041 0.062811952973356192 0.21261674774859121 0.037519786096258174 0.014763046659738046 0.17060225697883682 -0.0084627382987682558 0.02959075094138908 1.0040776745456754 -0.2584474365362685 0.034148860923551731 0.037226028448347444
decision_type=2 2 2 2 2 2 2 2 2 2 2 2 2 2
left_child=1 -1 3 11 5 6 -4 -6 9 -3 -5 -2 -13 -14
right_child=2 8 4 10 7 -7 -8 -9 -10 -11 -12 12 13 -15
leaf_value=-0.020663911629959973 0.015803347748742976 -0.0012309034160345013 0.019724085709049089 0.030019526810172753 0.01225667383563255 0.048013414662098519 -0.033179587783338425 -0.042389906511419884 -0.014153044229340864 0.025364485075192122 -0.02161418013143649 0.0019107142537436467 0.0075841085342551618 -0.048019027691645629
leaf_weight=33.430513473926112 14.718356561847029 75.408321448601782 6.2782633770257252 7.9281972767785174 4.7901791287586084 6.9751312211155891 1.3601856981404123 0.93471132311969984 19.830722491722554 5.4467334458604446 0.72411955147981633 81.054086283780634 2.3384233368560663 2.3643833659589291
leaf_count=2443 275 3419 66 112 56 47 17 20 1004 138 15 1566 45 47
internal_value=6.06733e-11 -0.00693344 0.00718057 0.0045375 0.0204849 0.0287032 0.0075531 -0.00164224 -0.00221615 0.000848656 0.0239067 0.00265039 0.000236828 -0.0238892
internal_weight=263.582 134.116 129.466 109.128 20.3385 14.6136 7.63845 5.72489 100.686 80.8551 8.65232 100.475 85.7569 4.70281
internal_count=9270 7004 2266 2060 206 130 83 76 4561 3557 127 1933 1658 92
is_linear=0
shrinkage=0.05


Tree=28
num_leaves=15
num_cat=0
split_feature=11 7 11 5 5 5 3 6 9 2 13 10 8 6
split_gain=4.85965 2.68977 1.53988 1.53424 1.51253 1.68398 2.65378 1.61295 1.38987 1.37347 1.27421 1.1418 1.28687 1.30594
threshold=0.79213483146067432 0.069457363727385105 0.98314606741573041 0.02208106354372321 0.017228701740306458 0.035506235527237563 0.027372389651667665 0.017413974783175103 0.47912478258504648 -0.058497451245078318 73.681613898302444 0.039325842696629219 0.17975703173383331 0.02643804622114743
decision_type=2 2 2 2 2 2 2 2 2 2 2 2 2 2
left_child=1 10 4 -3 -2 7 -7 -6 9 -4 -1 -9 -13 -14
right_child=2 3 8 -5 5 6 -8 11 -10 -11 -12 12 13 -15
leaf_value=-0.019495729538190523 -0.0027936977418831521 -0.0062527498912567109 -0.022302980555050249 0.0063966436566295698 -0.015113197733718459 0.016866565318001778 -0.049161556712583904 -0.023488651831861898 -0.015408047596583638 0.02735141603734666 0.011460861599020912 0.02093967401639896 -0.0069223705233665252 0.023146792370513647
leaf_weight=37.212211539037526 39.092214515898377 67.491699651814997 0.77543187700212612 35.928140828385949 4.1787008261308065 2.3004852775484315 2.0351832434535027 1.0532313780859102 1.8331246087327588 17.122326604090631 2.9956388641148797 35.450570774264634 10.096345786005257 4.3744886852800837
leaf_count=2640 841 3646 14 915 103 38 43 33 37 155 112 467 169 57
internal_value=5.38918e-11 -0.00616221 0.00746971 -0.00183916 0.00480819 0.00976725 -0.0175323 0.0121873 0.019894 0.0241338 -0.0169672 0.014673 0.0159236 0.00307606
internal_weight=261.94 143.628 118.312 103.42 98.5812 59.489 4.33567 55.1533 19.7309 17.8978 40.2079 50.9746 49.9214 14.4708
internal_count=9270 7313 1957 4561 1751 910 81 829 206 169 2752 726 693 226
is_linear=0
shrinkage=0.05


Tree=29
num_leaves=15
num_cat=0
split_feature=5 11 1 3 8 1 1 4 2 7 7 5 2 7
split_gain=4.39498 2.88048 1.68606 3.38944 1.87494 1.59463 1.70322 1.45475 1.24259 1.20782 2.1379 1.82804 1.6662 1.69501
threshold=0.010649446260398689 0.89325842696629221 -0.015885841114868401 0.048317111675828535 0.9073933762733285 -0.060135989332393107 -0.036335976838006372 -0.15594719991433667 -0.029918647533291928 0.11453181948349302 0.036010819136743651 0.019277048901360214 -0.0020780744959097426 0.060518558566765919
decision_type=2 2 2 2 2 2 2 2 2 2 2 2 2 2
left_child=-1 7 3 5 9 -3 -7 -2 -8 10 -4 -12 -13 -14
right_child=1 2 4 -5 -6 6 8 -9 -10 -11 11 12 13 -15
leaf_value=-0.014645108361972654 0.019058132335809021 -0.0352903940025684 0.029358245565881732 -0.037930583612050428 -0.025611820497211668 0.036093690416925089 -0.032503900490045229 -0.0024245081739758 0.011910629226047695 0.032550498319978326 -0.010617767064867875 -0.015761517323052636 0.0016653294679941717 0.030828940749050539
leaf_weight=41.83836156479083 7.3586714449338606 0.71206819079816241 12.857994880527256 4.0614755991846314 1.9024886786937703 4.7571932887658459 1.3334703473374228 137.72018666332588 3.8773268330842274 9.1720023378729802 10.726507869549094 3.3496670993044928 8.5593609530478805 11.335677124559878
leaf_count=2701 156 25 146 63 51 51 26 5477 53 90 178 48 94 111
internal_value=3.56932e-11 0.00286833 0.0109226 -0.00396154 0.0147149 0.0110979 0.0173271 -0.00121186 -0.00285871 0.0165102 0.0127536 0.00580903 0.0135146 0.0189622
internal_weight=259.562 217.724 72.6452 14.7415 57.9037 10.6801 9.96799 145.079 5.2108 56.0012 46.8292 33.9712 23.2447 19.895
internal_count=9270 6569 936 218 718 155 130 5633 79 667 577 431 253 205
is_linear=0
shrinkage=0.05


Tree=30
num_leaves=15
num_cat=0
split_feature=5 4 5 5 6 7 4 13 11 9 15 3 2 4
split_gain=3.86876 2.49338 1.83947 1.92167 1.59076 2.0504 5.07025 1.89885 1.75517 1.65769 2.02479 2.17094 1.51602 1.30865
threshold=0.010649446260398689 0.16706649897786965 0.023707031038974934 0.026877014602042133 0.025614282555239589 0.15392114634640039 -0.11389627904820281 16.50497238025013 0.17415730337078653 0.71848089997425613 12.359550561797755 0.0266554237431933 -0.047904994370875968 0.063794651734372945
decision_type=2 2 2 2 2 2 2 2 2 2 2 2 2 2
left_child=-1 4 -3 -4 12 8 7 -7 -6 10 11 -10 -2 -14
right_child=1 2 3 -5 5 6 -8 -9 9 -11 -12 -13 13 -15
leaf_value=-0.013814387148666691 0.0091125248548325002 0.032542465976535775 -0.033924237808409051 0.012957119340322999 -0.024759542259245725 0.042025258267597766 -0.0548840142087113 -0.011710113262674618 0.014484901458075031 -0.016250957760679263 0.027752219730115098 -0.035892944517040531 -0.0068428573703798934 0.0048856389026058497
leaf_weight=41.40702087781392 26.207232108339667 10.39307786896825 1.7292341366410244 10.153818760067223 1.8332208022475232 2.5294621344655752 3.0302950246259561 2.4371530152857304 5.9461715351790208 2.6747376546263686 22.764039197936654 2.0906779519282281 93.57869480131194 30.971034706570208
leaf_count=2701 909 110 20 107 51 29 99 42 114 51 340 37 4074 586
internal_value=1.78171e-11 0.00269545 0.0181599 0.0040312 0.000836316 0.00916804 -0.0125734 0.0181136 0.0143028 0.0170981 0.0204141 -0.00114187 -0.00160166 -0.00391072
internal_weight=257.746 216.339 22.2761 11.8831 194.063 43.3058 7.99691 4.96662 35.3088 33.4756 30.8009 8.03685 150.757 124.55
internal_count=9270 6569 237 127 6332 763 170 71 593 542 491 151 5569 4660
is_linear=0
shrinkage=0.05


Tree=31
num_leaves=15
num_cat=0
split_feature=5 11 7 4 7 7 4 8 16 10 7 12 7 3
split_gain=3.62097 2.20958 1.34778 1.27031 1.26832 1.87498 1.69366 1.40691 1.86849 1.39177 1.3672 1.71028 1.68116 1.93085
threshold=0.010649446260398689 0.89325842696629221 0.23411600798910373 -0.10201851370653979 0.021844861954281928 0.026573269114125945 0.32617339111272775 0.34725465674149408 58.409991887119091 0.89325842696629221 0.07760537268537189 -0.2078651685393258 0.12671966757926875 -0.025683245953690311
decision_type=2 2 2 2 2 2 2 2 2 2 2 2 2 2
left_child=-1 2 -2 -4 9 -6 7 8 10 -3 11 -7 13 -12
right_child=1 4 3 -5 5 6 -8 -9 -10 -11 12 -13 -14 -15
leaf_value=-0.013462753646128246 -0.0017584151722629384 -0.018624041746251249 0.037309444743970521 -0.024405873960205295 -0.036126322167547069 0.020810550433524089 -0.032099815802598103 -0.0061975309990157882 0.021617608144412704 0.043686151884842178 0.0089626176743879855 -0.019441696657386893 0.015293953686451853 -0.043831530269949223
leaf_weight=40.854479338973761 141.72257105191238 0.51612447202205558 2.9127031099051242 0.32029888406395812 1.3870301768183697 10.996073415502904 1.4476857520639885 9.8279768992215377 31.053174461238086 3.6570052392780781 2.2649997612461448 2.5318589974194792 3.111144850961864 3.7601696234196407
leaf_count=2701 5601 7 25 7 25 134 25 178 342 30 39 43 44 69
internal_value=-2.7067e-10 0.00260256 -0.000940066 0.026874 0.00979249 0.00779865 0.00926928 0.0106945 0.0138418 0.0338693 0.00272447 0.0124574 -0.011494 -0.0255343
internal_weight=256.363 215.509 144.956 3.233 70.5532 66.3801 64.9931 63.5454 53.7174 4.17313 22.6642 13.5279 9.13631 6.02517
internal_count=9270 6569 5633 32 936 899 874 849 671 37 329 177 152 108
is_linear=0
shrinkage=0.05


Tree=32
num_leaves=15
num_cat=0
split_feature=5 4 6 12 12 2 5 7 6 7 6 2 3 5
split_gain=3.2597 2.15289 1.50483 1.92262 2.20746 1.73123 1.45847 1.75679 1.46072 1.60191 1.44812 1.41703 1.38115 1.88562
threshold=0.010649446260398689 0.16706649897786965 0.025614282555239589 -0.37640449438202234 0.1404494382022472 0.058702299650153396 0.023707031038974934 0.047479250697007765 0.027425769178128345 0.092505688077539075 0.025253299408496736 -0.047904994370875968 -0.097396888616253272 0.022735546749179925
decision_type=2 2 2 2 2 2 2 2 2 2 2 2 2 2
left_child=-1 2 11 -4 -5 -6 8 -8 -3 -10 -9 12 -2 -14
right_child=1 6 3 4 5 -7 7 10 9 -11 -12 -13 13 -15
leaf_value=-0.012875465920110796 -0.010811840408987262 0.0382604792672624 -0.01094196243962557 0.020163615117400422 -0.028798292047470943 0.019754329742506446 -0.041853846470400267 -0.033922646579683406 -0.040340530643018589 0.025362678300248343 0.017016665851804495 -0.0038579492217031639 0.0017935467432650233 0.031707535828870079
leaf_weight=40.262913314858451 6.241085217799994 8.2228479124605673 8.8161261626519245 27.732662823516876 3.9406214812770477 2.0530187766999006 0.82145468518137832 0.6606011688709249 0.77551728487014659 0.98731476813554764 9.7808249508962017 123.87993719661608 12.45758935948834 8.2943545421585423
leaf_count=2701 198 90 180 428 118 37 14 12 12 8 101 4660 535 176
internal_value=7.1651e-11 0.00246346 0.000765081 0.00895622 0.014323 -0.0117208 0.0171937 0.00414966 0.0301892 -0.00768113 0.0111107 -0.00158838 0.00859315 0.0146579
internal_weight=254.927 214.664 193.415 42.5424 33.7263 5.99364 21.2486 11.2629 9.98568 1.76283 10.4414 150.873 26.993 20.7519
internal_count=9270 6569 6332 763 583 155 237 127 110 20 113 5569 909 711
is_linear=0
shrinkage=0.05


Tree=33
num_leaves=15
num_cat=0
split_feature=11 7 1 8 3 5 9 12 11 6 9 2 4 4
split_gain=3.09823 2.81783 1.32064 1.48302 1.15306 1.36684 1.53527 2.22581 1.12672 1.63699 1.10069 1.20309 1.35303 1.07786
threshold=0.75842696629213491 0.066757675632158744 0.054163132279685063 0.30759094498355416 -0.0084627382987682558 0.02208106354372321 -0.13789315911874192 0.10674157303370786 0.98314606741573041 0.033840345038530291 0.20279599209236224 -0.058497451245078318 0.085419661064740096 -0.0062723646756823728
decision_type=2 2 2 2 2 2 2 2 2 2 2 2 2 2
left_child=1 -1 8 -4 5 13 -7 -8 9 -2 11 -10 -13 -3
right_child=2 4 3 -5 -6 6 7 -9 10 -11 -12 12 -14 -15
leaf_value=-0.018055571674858498 0.0027503186699540678 -0.0054873529370961724 0.030249537826176804 9.4318293931099784e-05 -0.011796727929184396 -0.0059727013695989135 0.030973507651389634 -0.0025551185845228302 -0.019645754870968594 -0.034700995988153328 -0.0077963349007224222 -0.025181021900804148 0.033965209343875667 0.019867700475128532
leaf_weight=31.695216311141849 91.40587147558108 47.658966776914895 9.535779822617771 6.6612769952043882 19.229108296800405 9.5540132923051733 11.49803918041289 7.9600916514173141 0.72531229257583518 2.0147892143577328 2.9884043103083959 0.35690298676490684 8.8179166992194933 3.6072280118241897
leaf_count=2443 1848 2720 114 122 1004 249 213 209 14 37 39 10 82 166
internal_value=-3.63501e-10 -0.00531959 0.00569416 0.0185744 -0.00112363 0.00154659 0.0100352 0.0178029 0.00357694 0.00158365 0.0168707 0.0243487 0.0294157 -0.00335731
internal_weight=253.709 131.203 122.506 16.1971 99.5074 80.2783 29.0121 19.4581 106.309 93.4207 12.8885 9.90013 9.17482 51.2662
internal_count=9270 7004 2266 236 4561 3557 671 422 2030 1885 145 106 92 2886
is_linear=0
shrinkage=0.05


Tree=34
num_leaves=15
num_cat=0
split_feature=5 13 8 4 3 5 7 5 6 6 7 7 16 7
split_gain=2.92417 1.76907 1.60316 1.58156 2.16955 1.79122 2.08745 1.64444 2.2863 1.83638 1.39046 1.96711 2.12804 1.71686
threshold=0.010649446260398689 70.523118279640059 0.9073933762733285 0.055507818566745477 0.035263396633898665 0.02208106354372321 0.069701565558472858 0.030514192761038252 0.028662146252268077 0.033840345038530291 0.046842032870664581 0.040842598657498626 42.996325247050997 0.069701565558472858
decision_type=2 2 2 2 2 2 2 2 2 2 2 2 2 2
left_child=-1 3 -3 4 5 -2 -7 10 -9 -10 11 -5 -13 -12
right_child=1 2 -4 7 -6 6 -8 8 9 -11 13 12 -14 -15
leaf_value=-0.012293787022907288 -0.0056167576668849709 0.01356879379105512 -0.020274885481977603 0.011458242124497725 -0.023768187347071229 -0.028226596251729713 0.010471908059403515 -0.050698688415026741 0.027716004238388731 -0.022340264112085589 0.030173394082920475 0.014140139861978382 -0.04985299834787596 0.0011749068863848309
leaf_weight=39.637159329373389 71.715311344247311 42.363367648329586 2.928734245710074 10.508727617096154 10.352733135223387 2.8564544077962628 39.219769542571157 1.6661555003374804 2.9544522147625685 2.4454482793807983 13.770119445398452 1.5546548673883074 2.3061095555312932 7.9272878509946159
leaf_count=2701 3634 815 80 221 304 78 923 29 31 32 201 29 65 127
internal_value=4.53291e-11 0.00233922 0.0109896 -5.43708e-05 -0.00292411 -0.00083718 0.00725048 0.00808434 -0.0127127 0.00509842 0.0123918 0.00020648 -0.0264766 0.0200972
internal_weight=252.206 212.569 45.2921 167.277 124.144 113.792 42.0762 43.133 7.06606 5.3999 36.0669 14.3695 3.86076 21.6974
internal_count=9270 6569 895 5674 4939 4635 1001 735 92 63 643 315 94 328
is_linear=0
shrinkage=0.05


Tree=35
num_leaves=15
num_cat=0
split_feature=5 11 8 1 8 4 4 6 3 7 7 3 3 13
split_gain=2.48595 2.22949 1.37195 1.21181 2.26222 1.18996 1.09349 1.11821 1.07234 1.03158 0.843796 1.4489 1.37101 1.52401
threshold=0.01786779921613612 0.98314606741573041 0.13705344316403303 0.066702132180194842 0.31376516151077433 0.057063032645895413 0.046054696255277701 0.022577653964419794 0.02204332624525818 0.095870267960306246 0.23411600798910373 -0.097396888616253272 -0.050614262215332599 86.68411394591422
decision_type=2 2 2 2 2 2 2 2 2 2 2 2 2 2
left_child=1 6 -3 10 -5 8 -1 -8 -6 -9 11 -2 -13 -14
right_child=3 2 -4 4 5 -7 7 9 -10 -11 -12 12 13 -15
leaf_value=-0.0097710516052185621 -0.017347663658486744 0.039135231477646061 -0.015428023856410015 0.040682234523239109 -0.020808472362240073 -0.024272935890619372 0.0049318240605157222 -0.027398815339794713 0.033966941510143921 0.014029321948649294 0.025275227440245514 0.013284813979279326 -0.0016023197466297106 0.020720607371072119
leaf_weight=80.426064694765955 7.5925407502800217 3.3891998734325162 0.95191878359764803 5.1760023413225991 0.54535662196576629 2.4612353462725878 29.065387026406825 4.5976033192127934 1.6573202461004255 1.3507894063368437 3.2221441231667987 28.204776435159147 74.625283801928163 7.506877649575471
leaf_count=5212 224 34 17 60 17 49 936 96 23 23 36 731 1705 107
internal_value=8.54181e-11 -0.00518352 0.0265222 0.00474326 0.0207883 -0.00457454 -0.00659335 0.000774411 0.0181425 -0.017326 0.00328057 0.00247215 0.00397956 0.000662701
internal_weight=250.773 119.781 4.34112 130.992 9.83991 4.66391 115.44 35.0138 2.20268 5.94839 121.152 117.929 110.337 82.1322
internal_count=9270 6318 51 2952 149 89 6267 1055 40 119 2803 2767 2543 1812
is_linear=0
shrinkage=0.05


Tree=36
num_leaves=15
num_cat=0
split_feature=11 7 3 16 4 1 11 9 3 2 2 1 4 6
split_gain=2.44938 2.54833 1.14861 1.73691 1.28303 1.13177 1.1576 1.80552 1.8726 1.25424 1.80017 1.09412 1.53148 1.48061
threshold=0.75842696629213491 0.066757675632158744 0.0034886525612515267 71.853428740482443 -0.024953839913970596 -0.062741987266042562 0.98314606741573041 0.21261674774859121 0.17060225697883682 0.037519786096258174 0.024968989935644118 0.054163132279685063 0.12084292800891995 0.015483435210844824
decision_type=2 2 2 2 2 2 2 2 2 2 2 2 2 2
left_child=1 -1 -3 -4 -5 -2 11 9 -9 10 -8 12 -7 -14
right_child=5 2 3 4 -6 6 7 8 -10 -11 -12 -13 13 -15
leaf_value=-0.017046189776619796 -0.021323714606158343 0.0014905978160643901 -0.024890945050006219 0.024527456526496409 -0.022143153693939332 0.0047560172480646708 0.022589375358254025 0.010331060846685357 -0.047215353025347989 0.043807891042834252 -0.032180284643622568 0.0181882731126158 0.020426311779462903 -0.01944964593436305
leaf_weight=30.874211011221632 2.9651370034553102 84.346175694372505 9.5068804267793876 3.4114298741333187 1.3002391373738635 75.892025974579155 5.0259710317477602 4.3435613494366399 0.93833704292774189 5.4321868047118187 1.0489245522767303 10.754103091545401 1.9840520620346058 11.913636069744824
leaf_count=2443 81 3828 525 142 66 1583 53 56 19 47 16 175 39 197
internal_value=-4.84422e-11 -0.00475607 -0.000773796 -0.0134218 0.0100262 0.00511449 0.00595717 0.0177443 -0.00578083 0.0281415 0.0099207 0.00383356 0.0019329 -0.0127679
internal_weight=249.737 129.439 98.5647 14.2185 4.71167 120.298 117.333 16.789 5.2819 11.5071 6.0749 100.544 89.7897 13.8977
internal_count=9270 7004 4561 733 208 2266 2185 191 75 116 69 1994 1819 236
is_linear=0
shrinkage=0.05


Tree=37
num_leaves=15
num_cat=0
split_feature=5 4 7 4 7 6 12 2 5 11 5 7 7 7
split_gain=2.48731 1.80879 1.14804 2.43116 2.41441 1.63777 1.56569 1.24983 1.61342 1.61329 1.59738 1.72018 3.95174 2.37172
threshold=0.018001804448019555 0.046054696255277701 0.12309636453756313 -0.11283922728455024 0.11832430463843598 0.024324034580949287 -0.46629213483146054 -0.047904994370875968 0.022580985093899785 0.88202247191011252 0.023522768999179943 0.069457363727385105 0.05104737063257115 0.047479250697007765
decision_type=2 2 2 2 2 2 2 2 2 2 2 2 2 2
left_child=1 -1 4 -4 7 -6 -7 8 -2 -9 -11 12 13 -12
right_child=2 -3 3 -5 5 6 -8 9 -10 10 11 -13 -14 -15
leaf_value=-0.0094618150668726482 -0.00238199785280844 0.0035584384238176968 0.012095103198852344 -0.013448352094751932 -0.014326127854325714 -0.019741397364147997 0.049689245253089251 -0.0048892341388803865 0.032271232175464112 0.020866595202978587 -0.020853865614556946 0.016644976108210609 -0.039268742697658933 0.03359851568677482
leaf_weight=80.000829521566629 5.2868558992631716 39.122508641332388 15.155428094789384 21.062907033599913 1.0049232933670271 0.38892500102519978 5.6093532163649797 36.282235421705991 7.6320370379835367 16.487706414423883 2.373326828703286 8.3883011769503337 5.5397126609459519 4.2783454805612564
leaf_count=5252 139 1102 329 600 38 8 69 1109 125 216 39 113 94 37
internal_value=1.24765e-10 -0.00519168 0.00477923 -0.002722 0.00769 0.0340203 0.0430098 0.00518718 0.0189377 0.00254321 0.00975555 0.000299329 -0.0113566 0.0139836
internal_weight=248.613 119.123 129.49 36.2183 93.2717 7.0032 5.99828 86.2685 12.9189 73.3496 37.0674 20.5797 12.1914 6.65167
internal_count=9270 6354 2916 929 1987 115 77 1872 264 1608 499 283 170 76
is_linear=0
shrinkage=0.05


Tree=38
num_leaves=15
num_cat=0
split_feature=5 4 1 16 4 3 4 6 6 15 9 7 3 3
split_gain=2.37699 1.72745 1.04146 1.87853 1.0147 0.850003 1.10523 0.877609 0.918772 1.39339 0.968296 0.827168 1.26526 1.06508
threshold=0.018001804448019555 0.046054696255277701 0.066702132180194842 89.814349396264618 0.24699773336960154 0.09288746287406148 -0.042144018655515696 0.0085592929422303732 0.019294717763034926 0.56179775280898747 0.4060681057167454 0.23411600798910373 -0.097396888616253272 -0.050614262215332599
decision_type=2 2 2 2 2 2 2 2 2 2 2 2 2 2
left_child=1 5 11 -4 -3 6 -1 -8 -9 -10 -11 12 -2 -14
right_child=2 4 3 -5 -6 -7 7 8 9 10 -12 -13 13 -15
leaf_value=-0.0031615208565687666 -0.016683075001264671 0.00096968724679316512 0.031544102341072626 -0.013606602197312462 0.029281306550909367 0.019939288929054114 0.012596088874665609 -0.02188945453069335 -0.035544408687662808 0.0078944338992609723 -0.027238857265846496 0.024873962025641246 0.01200597307409703 0.00087785083251239529
leaf_weight=33.734220520826057 7.0560700772330156 36.751402840018272 7.2181836692616326 2.5441474691033363 2.4715417101979247 1.5258621517568816 1.9918842157348979 28.22865517064929 2.1035438561812034 10.38327504089102 1.3736308133229602 3.2986813839524975 28.429894144181162 80.490984628442675
leaf_count=2373 219 1074 103 46 28 28 167 2112 72 439 61 36 723 1789
internal_value=-1.67188e-10 -0.00508856 0.0046787 0.0196065 0.0034373 -0.00929371 -0.0101126 -0.0152441 -0.0168234 -0.00572689 0.00197615 0.00330405 0.00248315 0.00386525
internal_weight=247.602 118.564 129.038 9.76233 39.2229 79.3411 77.8152 44.081 42.0891 13.8604 11.7569 119.276 115.977 108.921
internal_count=9270 6354 2916 149 1102 5252 5224 2851 2684 572 500 2767 2731 2512
is_linear=0
shrinkage=0.05


Tree=39
num_leaves=15
num_cat=0
split_feature=11 7 1 3 15 4 2 9 11 13 4 9 5 1
split_gain=2.0846 2.10446 1.09494 0.891368 1.10076 1.3504 1.13186 1.60397 1.24075 1.03711 0.99589 0.911871 1.18749 0.995849
threshold=0.75842696629213491 0.066757675632158744 -0.062741987266042562 -0.0084627382987682558 5.0561797752808983 -0.026153584544300165 -0.054996789601403022 -0.12482279169842457 0.028089887640449441 70.966893044490419 -0.026153584544300165 -0.030240085404979019 0.024252413776045346 -0.090198333319759502
decision_type=2 2 2 2 2 2 2 2 2 2 2 2 2 2
left_child=1 -1 -2 4 -3 6 7 8 -6 -5 -11 -9 -13 -14
right_child=2 3 -4 9 5 -7 -8 11 -10 10 -12 12 13 -15
leaf_value=-0.01579542150681337 -0.022486536479586015 -0.020578690226033487 0.0055367343555410339 -0.016863224121267919 0.025676726755237585 0.020088335608002716 -0.0036746819481959488 0.037509947731100564 -0.016435500513855481 0.021275288652509938 -0.020078405285352211 -0.012513782262576177 -0.012600813853212198 0.03753992972978254
leaf_weight=29.911900568054989 2.622467167209833 4.2717382879927746 116.44106867769733 14.008083935827019 1.3564243745058799 9.0919982665218395 47.195384944789112 4.4193704128265381 6.1389567600563169 3.4465517420321703 1.2485576514154662 3.0830532046966237 0.80815727263689074 2.5534408111125231
leaf_count=2443 81 161 2185 813 31 367 2397 117 288 125 66 142 15 39
internal_value=1.21077e-10 -0.00442517 0.00473735 -0.00081642 0.00154049 0.00306159 0.000433744 0.0106393 -0.00668917 -0.0103349 0.00868363 0.0221508 0.00799463 0.0253604
internal_weight=246.597 127.534 119.064 97.6217 78.9185 74.6468 65.5548 18.3594 7.49538 18.7032 4.69511 10.864 6.44465 3.3616
internal_count=9270 7004 2266 4561 3557 3396 3029 632 319 1004 191 313 196 54
is_linear=0
shrinkage=0.05


end of trees

feature_importances:
volatility_5d=74
drawdown_20d=74
rank_pct_20d=66
momentum_20d=61
momentum_10d=57
volatility_20d=52
volume_change_5d=33
momentum_3d=29
amount_change_5d=29
momentum_5d=24
rank_pct_5d=18
rule_time_series_score=17
rank_momentum_5d=12
rule_direction_score=7
momentum_1d=4
rule_rank_momentum_score=3

parameters:
[boosting: gbdt]
[objective: lambdarank]
[metric: ndcg]
[tree_learner: serial]
[device_type: cpu]
[data_sample_strategy: bagging]
[data: ]
[valid: ]
[num_iterations: 40]
[learning_rate: 0.05]
[num_leaves: 15]
[num_threads: 1]
[seed: 20260720]
[deterministic: 1]
[force_col_wise: 1]
[force_row_wise: 0]
[histogram_pool_size: -1]
[max_depth: -1]
[min_data_in_leaf: 2]
[min_sum_hessian_in_leaf: 0.001]
[bagging_fraction: 1]
[pos_bagging_fraction: 1]
[neg_bagging_fraction: 1]
[bagging_freq: 0]
[bagging_seed: 843]
[bagging_by_query: 0]
[feature_fraction: 1]
[feature_fraction_bynode: 1]
[feature_fraction_seed: 57]
[extra_trees: 0]
[extra_seed: 8811]
[early_stopping_round: 0]
[early_stopping_min_delta: 0]
[first_metric_only: 0]
[max_delta_step: 0]
[lambda_l1: 0]
[lambda_l2: 1]
[linear_lambda: 0]
[min_gain_to_split: 0]
[drop_rate: 0.1]
[max_drop: 50]
[skip_drop: 0.5]
[xgboost_dart_mode: 0]
[uniform_drop: 0]
[drop_seed: 21666]
[top_rate: 0.2]
[other_rate: 0.1]
[min_data_per_group: 100]
[max_cat_threshold: 32]
[cat_l2: 10]
[cat_smooth: 10]
[max_cat_to_onehot: 4]
[top_k: 20]
[monotone_constraints: ]
[monotone_constraints_method: basic]
[monotone_penalty: 0]
[feature_contri: ]
[forcedsplits_filename: ]
[refit_decay_rate: 0.9]
[cegb_tradeoff: 1]
[cegb_penalty_split: 0]
[cegb_penalty_feature_lazy: ]
[cegb_penalty_feature_coupled: ]
[path_smooth: 0]
[interaction_constraints: ]
[verbosity: -1]
[saved_feature_importance_type: 0]
[use_quantized_grad: 0]
[num_grad_quant_bins: 4]
[quant_train_renew_leaf: 0]
[stochastic_rounding: 1]
[linear_tree: 0]
[max_bin: 255]
[max_bin_by_feature: ]
[min_data_in_bin: 3]
[bin_construct_sample_cnt: 200000]
[data_random_seed: 4432]
[is_enable_sparse: 1]
[enable_bundle: 1]
[use_missing: 1]
[zero_as_missing: 0]
[feature_pre_filter: 1]
[pre_partition: 0]
[two_round: 0]
[header: 0]
[label_column: ]
[weight_column: ]
[group_column: ]
[ignore_column: ]
[categorical_feature: ]
[forcedbins_filename: ]
[precise_float_parser: 0]
[parser_config_file: ]
[objective_seed: 7759]
[num_class: 1]
[is_unbalance: 0]
[scale_pos_weight: 1]
[sigmoid: 1]
[boost_from_average: 1]
[reg_sqrt: 0]
[alpha: 0.9]
[fair_c: 1]
[poisson_max_delta_step: 0.7]
[tweedie_variance_power: 1.5]
[lambdarank_truncation_level: 30]
[lambdarank_norm: 1]
[label_gain: 0,1,3,7,15]
[lambdarank_position_bias_regularization: 0]
[eval_at: 1,2,3,4,5]
[multi_error_top_k: 1]
[auc_mu_weights: ]
[num_machines: 1]
[local_listen_port: 12400]
[time_out: 120]
[machine_list_filename: ]
[machines: ]
[gpu_platform_id: -1]
[gpu_device_id: -1]
[gpu_use_dp: 0]
[num_gpu: 1]

end of parameters

pandas_categorical:null
