tree
version=v4
num_class=1
num_tree_per_iteration=1
label_index=0
max_feature_idx=21
objective=lambdarank
feature_names=momentum_1d momentum_3d momentum_5d momentum_10d momentum_20d volatility_5d volatility_20d drawdown_20d volume_change_5d amount_change_5d rank_pct_5d rank_pct_20d rank_momentum_5d market_return_1d market_return_5d market_breadth_1d market_dispersion_1d market_volatility_20d rule_time_series_score rule_cross_section_score rule_rank_momentum_score rule_direction_score
feature_infos=[-0.099975367806498183:0.12229216739576731] [-0.18234825421959322:0.27465397817296533] [-0.25743860440229616:0.28092117351019485] [-0.27022648853672249:0.40351170424303073] [-0.28062547585271636:0.58906651566951895] [0:0.088373331352552278] [0:0.060188323905258592] [0:0.28987731592235633] [-0.70556637982934856:5.1127031970119425] [-0.70850366100994711:3.3373914672095131] [0:1] [0:1] [-1:0.96629213483146059] [-0.049585464134470299:0.036012358476607553] [-0.10116671736988472:0.054726216916397064] [0:0.98888888888888893] [0:0.029086357152055337] [0:0.060188323905258592] [0:100] [0:100] [0:100] [0:100]
tree_sizes=1755 1727 1737 1729 1739 1730 1737 1730 1737 1748 1743 1739 1738 1751 1721 1730 1749 1742 1739 1745 1738 1756 1744 1734 1737 1742 1746 1742 1743 1726 1761 1755 1730 1726 1751 1742 1746 1763 1758 1744

Tree=0
num_leaves=15
num_cat=0
split_feature=11 7 5 14 7 3 7 6 4 11 6 6 0 8
split_gain=19.4148 3.88112 3.70721 3.44572 3.02477 2.55932 2.51376 2.40153 2.23511 2.11726 1.85619 1.79468 1.67356 2.02097
threshold=0.76966292134831471 0.10630985688070112 0.026621729343029553 -0.043531449693776002 0.012782995639517071 0.021910827708483519 0.12084337921697842 0.018234284497597338 0.069346390127912563 0.30898876404494385 0.020241704376157976 0.025323544097164679 -0.028547208125283049 0.029101786086090268
decision_type=2 2 2 2 2 2 2 2 2 2 2 2 2 2
left_child=1 2 4 -2 9 7 11 -5 12 -1 -4 -3 -6 -14
right_child=3 6 10 5 8 -7 -8 -9 -10 -11 -12 -13 13 -15
leaf_value=-0.014683520864931215 -0.021390269801395412 0.0072887655268814387 0.050641490714863541 -0.0066324914939670148 0.008346485204142785 0.042572257339359806 -0.0054770017925412527 0.028702876061849122 0.0093904673755844711 0.020074786484387271 -0.0047331027538117815 0.042291468888911748 -0.016862408557407584 -0.034600377240458891
leaf_weight=7.2293306980282059 2.6316226986236861 13.520129936747255 2.263593429233878 6.7486012848094132 3.9382217666134229 23.529821589589119 30.824232977814972 13.350637411233036 5.6947233211249104 8.4300501104444248 2.5314958528615534 4.3351374133490017 50.358602856751531 26.149019857402891
leaf_count=342 138 579 42 363 161 909 1527 527 231 387 116 80 2562 1306
internal_value=3.06241e-10 -0.00849224 -0.0137951 0.0280809 -0.0158837 0.0314773 0.00316354 0.0170865 -0.0195238 0.00411004 0.0256352 0.0175794 -0.0216608 -0.0232931
internal_weight=201.535 155.275 106.595 46.2607 101.8 43.6291 48.6795 20.0992 86.1406 15.6594 4.79509 17.8553 80.4458 76.5076
internal_count=9270 7333 5147 1937 4989 1799 2186 890 4260 729 158 659 4029 3868
is_linear=0
shrinkage=0.05


Tree=1
num_leaves=15
num_cat=0
split_feature=11 5 8 18 6 7 20 3 0 19 15 0 5 0
split_gain=50.3541 19.7006 11.8424 9.33294 10.5583 7.55742 8.4331 5.61126 5.40684 5.24903 4.79257 5.10829 5.8161 4.71275
threshold=0.76966292134831471 0.017867241486374048 0.68362503502577843 86.990706132350127 0.019085251042895251 0.052196525168809134 47.191011235955067 0.060100721525877539 0.01879517035297296 89.325842696629223 0.90555555555555567 0.0023145873445030722 0.01663421187662753 0.038688315251342094
decision_type=2 2 2 2 2 2 2 2 2 2 2 2 2 2
left_child=1 -1 3 4 -2 6 -6 -7 -9 -4 11 -5 -13 -3
right_child=2 13 9 10 5 7 -8 8 -10 -11 -12 12 -14 -15
leaf_value=-0.026775826867107794 -0.0010693891368347523 0.00070638759263819129 0.017910629001744505 0.010584911578075383 0.054341710798021171 0.023797648257919506 -0.0049360072715368061 -0.022924384224930639 0.028408428655692042 -0.041041681714913542 -0.025283990927486018 0.015561317312038241 0.075433159945760081 0.048097513293469764
leaf_weight=151.73440787009895 61.31280258949846 72.815070062875748 4.7899589985609046 7.0288289897143903 29.840726921334863 52.327635930851102 7.2532362900674334 14.63736571185291 6.6660344470292321 11.175083383917807 1.6959127783775318 6.0554476417601135 16.735487554222345 4.6559381531551471
leaf_count=5576 768 1688 34 48 165 504 50 109 39 85 12 50 73 69
internal_value=-1.59587e-10 -0.0163567 0.0170753 0.0203438 0.0155858 0.0247355 0.0429254 0.0151194 -0.00630832 -0.0233412 0.0450385 0.0497285 0.0608482 0.00413119
internal_weight=448.724 229.205 219.519 203.553 172.038 110.725 37.094 73.631 21.3034 15.965 31.5157 29.8198 22.7909 77.471
internal_count=9270 7333 1937 1818 1635 867 215 652 148 119 183 171 123 1757
is_linear=0
shrinkage=0.05


Tree=2
num_leaves=15
num_cat=0
split_feature=11 5 11 8 14 13 7 18 7 1 18 9 4 3
split_gain=62.4994 24.3321 12.8272 9.14791 7.10195 6.72334 5.49415 6.13412 8.99971 4.73347 4.42742 4.10137 3.56418 3.89373
threshold=0.76966292134831471 0.017867241486374048 0.94943820224719111 0.31359178984221819 -0.042178112301349553 0.018224333734519798 0.051400294363693595 64.292179019960344 0.074589012895953224 0.030948374833560614 38.972551218592123 0.56840948255367729 0.11355023695544465 0.0012831829514813322
decision_type=2 2 2 2 2 2 2 2 2 2 2 2 2 2
left_child=1 -1 5 4 -4 9 11 10 -9 -2 -8 -6 13 -3
right_child=2 12 3 -5 6 -7 7 8 -10 -11 -12 -13 -14 -15
leaf_value=-0.031016571584250766 0.0082547447430410172 0.0065514350862727376 -0.028520371571731908 -0.0060112515914178474 0.066966270899572244 -0.045305963336015193 0.024182220703406674 -0.018006144604018191 0.075699319687154099 0.031871641081958925 -0.035786294328061345 -0.033300271784416524 0.051626908889809878 -0.021183969964072111
leaf_weight=137.65045520942658 98.32297782227397 63.796120503917336 2.4238867545500389 9.6276260325685126 29.375664109364156 4.0984365269541732 7.504640746861698 2.9798176735639563 9.1748367883265001 26.504746058955789 3.8279066830873489 0.48774393275380035 2.6627184264361849 14.727945746853946
leaf_count=5576 1129 1374 35 91 139 68 68 28 47 281 48 3 21 362
internal_value=7.61825e-11 -0.0182864 0.0205809 0.0384705 0.0461194 0.0112796 0.0499729 0.0298709 0.0531042 0.0134828 0.00266678 0.0643028 0.00341201 0.00114842
internal_weight=413.166 218.837 194.328 65.4021 55.7745 128.926 53.3506 23.4872 12.1547 124.828 11.3325 29.8634 81.1868 78.5241
internal_count=9270 7333 1937 459 368 1478 333 191 75 1410 116 142 1757 1736
is_linear=0
shrinkage=0.05


Tree=3
num_leaves=15
num_cat=0
split_feature=11 5 11 14 11 1 9 1 10 8 8 14 9 10
split_gain=66.3487 20.9958 13.1095 6.32153 4.92945 4.80256 4.7804 3.9273 3.38407 2.99446 2.93163 3.29572 2.68267 2.52019
threshold=0.8370786516853933 0.017867241486374048 0.94943820224719111 -0.035833375522273836 0.75842696629213491 -0.059949587777566975 0.94000469499101136 0.049018091372068036 0.58988764044943831 0.32120727244169361 -0.24398199988709449 -0.04312310034346753 0.40433805261500827 0.16292134831460678
decision_type=2 2 2 2 2 2 2 2 2 2 2 2 2 2
left_child=1 4 7 8 -1 -5 9 10 -4 -7 -2 -12 -11 -6
right_child=2 -3 3 5 13 6 -8 -9 -10 12 11 -13 -14 -15
leaf_value=-0.031888432795854689 0.032267059706047284 0.0020734468244809393 0.031660671202166785 -0.026584453874202801 0.016158483465522313 0.055770972845386228 -0.014495168978429561 0.041500314309331342 -0.039278161853511018 -0.02454049240460443 -0.041861126764804323 0.0067262986645035168 0.039291853861391564 -0.016994169453276128
leaf_weight=121.60709546878934 9.7991253118962032 98.338282960467041 2.0004860060289493 1.5545962639152993 7.1899063177406815 52.820516912266612 2.3975681420415631 9.3477148059755546 2.9109722543507814 2.1169880498200646 2.7194567397236815 57.30211962107569 2.6125082038342953 18.665577312931418
leaf_count=5502 99 1946 22 17 84 292 29 94 49 25 57 669 25 360
internal_value=3.36323e-10 -0.0158251 0.0266447 0.0428888 -0.0276946 0.0471969 0.0495151 0.0126527 -0.00991606 0.0523838 0.00825907 0.00387497 0.0114233 -0.00751667
internal_weight=391.383 245.801 145.582 66.4136 147.463 61.5022 59.9476 79.1684 4.91146 57.55 69.8207 60.0216 4.7295 25.8555
internal_count=9270 7892 1378 459 5946 388 371 919 71 342 825 726 50 444
is_linear=0
shrinkage=0.05


Tree=4
num_leaves=15
num_cat=0
split_feature=11 5 11 5 2 11 9 12 7 7 1 4 13 19
split_gain=65.9309 16.2372 8.99908 5.11878 5.16218 4.28493 4.16033 3.40235 2.95359 2.84216 2.77854 2.66725 2.48594 2.35606
threshold=0.8370786516853933 0.016544284224112384 0.94943820224719111 0.010847828325188271 -0.060669848515682183 0.75842696629213491 0.47912478258504648 -0.89325842696629199 0.055319768755990768 0.15397245649861899 0.00028593134088328315 0.13755628045848059 0.014361166485571319 94.943820224719119
decision_type=2 2 2 2 2 2 2 2 2 2 2 2 2 2
left_child=1 5 7 11 10 -1 -6 -2 13 12 -5 -4 -10 -9
right_child=2 -3 3 4 6 -7 -8 8 9 -11 -12 -13 -14 -15
leaf_value=-0.032055904107152575 -0.047618284476418749 -0.0016551242900335905 -0.03690227711133675 -0.040364312331561111 0.051492247923315894 -0.0064012056411629804 0.0017059592665638404 0.0082970435906992938 0.028758185605178843 -0.041799017393198523 0.037442125487417835 0.022755336083577035 -0.018019812753298392 -0.036202588718945744
leaf_weight=108.9171880162321 1.1967387478798617 103.98252854822204 2.4377847304567686 2.2168937176465984 52.873981681652367 19.777765655890107 4.6262811413034788 26.918032949324701 43.044463871978223 0.73263773694634338 0.85511364042758931 3.1465453170239925 2.3832222665660074 2.3374154455959788
leaf_count=5127 10 2361 33 24 316 404 60 350 455 14 3 23 49 41
internal_value=-1.19594e-10 -0.0163912 0.0266417 0.0400675 0.0442294 -0.0281931 0.0475842 0.0146814 0.0162802 0.0240298 -0.0148301 -0.00493688 0.0259689 0.00366261
internal_weight=375.447 232.677 142.769 66.1566 60.5723 128.695 57.5003 76.6125 75.4158 46.1603 3.07201 5.58433 45.4277 29.2554
internal_count=9270 7892 1378 459 403 5531 376 919 909 518 27 56 504 391
is_linear=0
shrinkage=0.05


Tree=5
num_leaves=15
num_cat=0
split_feature=11 5 11 8 18 14 11 9 14 10 18 13 14 14
split_gain=54.3116 15.4945 6.18653 4.17441 4.23988 5.14305 2.88627 2.76914 2.60185 5.40605 3.98387 2.53067 2.43677 2.58804
threshold=0.8370786516853933 0.017867241486374048 0.94943820224719111 0.31359178984221819 68.943062440088553 0.014796334673949094 0.75842696629213491 0.51799650361320249 -0.030227081454995006 0.58988764044943831 21.392171677338769 -0.0076718381665754802 -0.043531449693776002 -0.019767899551877553
decision_type=2 2 2 2 2 2 2 2 2 2 2 2 2 2
left_child=1 6 12 4 5 8 -1 -6 9 10 -4 -5 -2 -14
right_child=2 -3 3 11 7 -7 -8 -9 -10 -11 -12 -13 13 -15
leaf_value=-0.029450820595677399 -0.027138674931571596 0.00039495584157277344 -0.03611074998469728 0.028310617367451725 0.057799670302237663 -0.02871803738157826 -0.007926332205330653 -0.013327888349904947 0.040466053750657677 -0.03628471407415506 0.064509653526854588 -0.027135849040597754 0.030324326384743 0.0096129519692175047
leaf_weight=111.27367073111236 2.544677405152469 91.739592993631959 0.60419246647506897 2.7217100886628032 25.346090534701947 3.0786862075328818 19.123599382117391 1.0880332775413979 22.495903534814719 3.2667367132380605 2.8244360163807869 3.6138014579191795 21.305383248254657 51.687211822718382
leaf_count=5502 59 1946 10 35 126 32 444 10 133 46 11 56 206 654
internal_value=2.4822e-11 -0.0153692 0.0242231 0.035475 0.0395716 0.0260782 -0.0263785 0.0544929 0.0326172 0.00441397 0.0426282 -0.00270404 0.014198 0.0159864
internal_weight=362.714 222.137 140.577 65.0396 58.7041 32.27 130.397 26.4341 29.1913 6.69537 3.42863 6.33551 75.5373 72.9926
internal_count=9270 7892 1378 459 368 232 5946 136 200 67 21 91 919 860
is_linear=0
shrinkage=0.05


Tree=6
num_leaves=15
num_cat=0
split_feature=11 5 11 1 15 16 4 13 8 6 5 0 5 12
split_gain=48.4839 12.8392 6.45911 4.4736 3.2868 4.37528 2.78719 2.29587 2.29357 2.28695 2.19519 2.18808 2.14923 3.19399
threshold=0.8370786516853933 0.017867241486374048 0.94943820224719111 -0.059949587777566975 0.90555555555555567 0.01101168521221753 0.04588497101197387 0.014706447597191346 0.91118383189614149 0.019242647061601195 0.046409630360840601 0.038688315251342094 0.013452604079575327 -0.19662921348314599
decision_type=2 2 2 2 2 2 2 2 2 2 2 2 2 2
left_child=1 6 7 -4 8 -6 9 10 12 -1 -2 -3 13 -5
right_child=2 11 3 4 5 -7 -8 -9 -10 -11 -12 -13 -14 -15
leaf_value=-0.031735658257809087 0.016296421958275964 -0.0025598433548331009 -0.032978864775485735 -0.035453253947848387 0.036033353366152598 -0.047803616247296343 -0.0068074240316241125 -0.022838452658801384 -0.019100168550154967 -0.012784278247973867 -0.042769873734952002 0.025889047874832507 0.046598115514325925 0.030528842402423234
leaf_weight=85.243294957559556 70.955567698925734 85.015584269538522 1.5963527550920833 1.4747006110846994 2.3241437026299527 1.9325146600604055 18.968506278470159 3.3391516199335447 1.0281219836324442 21.883165606763214 0.67613039538264175 6.3353841211646786 45.819249500520527 7.0163620039820653
leaf_count=4325 846 1867 23 18 25 20 632 67 24 989 6 79 287 62
internal_value=-3.74624e-10 -0.0146295 0.023299 0.0352768 0.0376192 -0.0038817 -0.0249063 0.013187 0.0408237 -0.0280184 0.0151577 -0.000327883 0.0422829 0.0165413
internal_weight=353.608 217.446 136.162 61.1914 59.5951 4.25666 126.095 74.9708 55.3384 107.126 71.6317 91.351 54.3103 8.49106
internal_count=9270 7892 1378 459 436 45 5946 919 391 5314 852 1946 367 80
is_linear=0
shrinkage=0.05


Tree=7
num_leaves=15
num_cat=0
split_feature=11 5 14 11 9 5 14 1 8 5 11 3 13 17
split_gain=38.7459 12.6369 4.65335 4.97803 4.06579 3.35494 3.30737 5.39164 3.71359 2.9679 3.28672 3.29059 3.22513 2.846
threshold=0.8370786516853933 0.014458640896398102 -0.043531449693776002 0.98314606741573041 0.47912478258504648 0.019345879943611786 -0.019767899551877553 0.05102375745720978 0.057434070765781005 0.042482794740883428 0.89325842696629221 0.17060225697883682 -0.00047005714628547225 0.020007160262006905
decision_type=2 2 2 2 2 2 2 2 2 2 2 2 2 2
left_child=1 -1 -2 5 -5 6 8 -8 -4 10 12 13 -7 -12
right_child=2 -3 3 4 -6 9 7 -9 -10 -11 11 -13 -14 -15
leaf_value=-0.02652955300877376 -0.024500772983936724 -0.0020182270163560988 0.044430016905758291 0.047378127595901542 -0.019889755853359822 0.029370942839058417 -0.0071405933870962142 0.040043132971591559 -0.01140498567445926 -0.032897297087267081 0.0077599243616459966 -0.039310414249417835 -0.016096684011061829 0.046206015307880939
leaf_weight=96.690728379413486 4.6331273745745412 114.26909285224974 9.5557635147124511 24.499134487472478 1.9216835387051094 6.9872310645878315 33.634900806471705 6.3378910198807707 3.66300194710493 1.2214300744235504 6.3368820063769808 0.6119590736925592 6.7199315959587675 27.550656362436712
leaf_count=4798 95 3094 83 141 31 66 451 61 49 16 76 8 93 208
internal_value=-2.11921e-10 -0.0133248 0.0209717 0.0227802 0.0419386 0.0174905 0.0085314 0.00113535 0.0292438 0.0267713 0.028921 0.0369802 0.0075016 0.0394452
internal_weight=344.633 210.96 133.674 129.04 26.4208 102.62 53.1916 39.9728 13.2188 49.4281 48.2067 34.4995 13.7072 33.8875
internal_count=9270 7892 1378 1283 172 1111 644 512 132 467 451 292 159 284
is_linear=0
shrinkage=0.05


Tree=8
num_leaves=15
num_cat=0
split_feature=11 5 11 4 17 1 17 17 9 8 5 14 11 5
split_gain=35.8372 11.3392 4.24227 4.2815 4.40852 3.21226 3.4588 2.88495 2.79819 2.76329 2.68367 2.68271 2.66147 2.4949
threshold=0.8370786516853933 0.014458640896398102 0.98314606741573041 0.33251669757181351 0.023102567355131495 0.057134371939497337 0.017751334873105006 0.033960205205194154 0.47912478258504648 -0.25908741279530129 0.019023912059677902 0.015525611765253496 0.75842696629213491 0.022027775367527206
decision_type=2 2 2 2 2 2 2 2 2 2 2 2 2 2
left_child=1 12 5 8 -5 6 -2 9 -4 -8 11 -11 -1 -3
right_child=2 13 3 4 -6 -7 7 -9 -10 10 -12 -13 -14 -15
leaf_value=-0.02865044893035484 -0.0039745169621821785 -0.0086117981172357302 0.049021538169087692 0.03788366612761962 -0.056634963192801195 0.040490287621505444 0.043178810357507869 -0.027796150543547671 -0.017735283201919708 0.012713646251213188 0.024890148070171342 -0.022732665001240059 -0.0027293951363602221 0.0060395119664938719
leaf_weight=82.270708039868623 23.509581488091499 65.309776961803436 22.707962114363916 1.4059842638671392 1.6079775765538213 10.849210564047096 10.266487127169965 2.4332783780992022 1.1946039535105217 17.377365033142272 30.159473150968552 6.5326228644698849 11.492854005191473 50.790183150209486
leaf_count=4464 357 2093 131 10 16 109 83 30 27 214 304 97 334 1001
internal_value=-1.05343e-10 -0.0127006 0.0207533 0.0382112 -0.0140896 0.015778 0.0123972 0.0181353 0.045107 0.0202713 0.0152166 0.00250529 -0.0255356 -0.00220546
internal_weight=337.908 209.864 128.045 26.9165 3.01396 101.128 90.2788 66.7692 23.9026 64.3359 54.0695 23.91 93.7636 116.1
internal_count=9270 7892 1378 184 26 1194 1085 728 158 698 615 311 4798 3094
is_linear=0
shrinkage=0.05


Tree=9
num_leaves=15
num_cat=0
split_feature=11 5 14 11 4 14 18 1 10 17 15 16 10 6
split_gain=31.8966 10.773 4.55926 4.36756 2.79197 2.55695 3.31341 2.51814 2.48331 2.2763 2.39554 2.89256 2.32394 2.24916
threshold=0.8370786516853933 0.017867241486374048 -0.043531449693776002 0.94943820224719111 0.065949807137642882 -0.019767899551877553 57.796244784969659 -0.054904175713833873 0.073033707865168551 0.030986867604526538 0.27222222222222231 0.0097599899450185098 0.084269662921348326 0.019242647061601195
decision_type=2 2 2 2 2 2 2 2 2 2 2 2 2 2
left_child=1 4 8 5 13 -4 9 -5 -2 10 -7 -12 -11 -1
right_child=2 -3 3 7 -6 6 -8 -9 -10 12 11 -13 -14 -15
leaf_value=-0.028612807840074292 0.020824027899212248 0.00082008718856820548 0.02765556922405446 -0.021203243352796136 0.0010036926057449104 0.0025432345913983935 0.017707575544096878 0.033949712670592547 -0.045788069547514812 -0.02558227394551954 0.013320222168347887 -0.04708926856309726 0.052556904399736093 -0.010066524894456823
leaf_weight=81.432879897300154 1.3938612923957396 90.291700151748955 19.338503550738096 1.5134557401761402 11.593782942742108 9.8094409126788431 26.683144068345428 52.928215568885207 3.1825387952849269 0.71265809237956945 2.1803786531090719 6.5700757941231132 1.7911898605525491 22.216212786268443
leaf_count=4559 20 1946 206 23 357 138 356 400 75 12 32 105 11 1030
internal_value=3.69977e-12 -0.0121279 0.0197071 0.0215993 -0.0221923 0.0127625 0.00628694 0.0320617 -0.0254036 -0.00832735 -0.0146532 -0.0322145 0.0293627 -0.0247718
internal_weight=331.638 205.535 126.103 121.527 115.243 67.0854 47.7469 54.4417 4.5764 21.0637 18.5599 8.75045 2.50385 103.649
internal_count=9270 7892 1378 1283 5946 860 654 423 95 298 275 137 23 5589
is_linear=0
shrinkage=0.05


Tree=10
num_leaves=15
num_cat=0
split_feature=11 5 13 11 8 1 8 5 12 17 14 9 18 1
split_gain=28.1662 9.59772 3.67788 3.86275 2.69173 2.75616 3.05442 2.60239 2.57056 2.79032 2.7692 2.51358 2.33536 2.59993
threshold=0.8370786516853933 0.014458640896398102 0.018224333734519798 0.98314606741573041 1.1299425628508246 0.057134371939497337 -0.25908741279530129 0.022027775367527206 -0.82584269662921328 0.019108781813707589 -0.010329171654805883 0.47912478258504648 79.596322840871622 0.027422274993030297
decision_type=2 2 2 2 2 2 2 2 2 2 2 2 2 2
left_child=1 -1 3 4 5 6 -2 -3 10 12 -8 -5 13 -10
right_child=2 7 -4 11 -6 -7 8 -9 9 -11 -12 -13 -14 -15
leaf_value=-0.023718298061436008 0.034570137779081321 -0.0088663223296770784 -0.032005819473295109 0.041328037885573654 -0.029044159708494374 0.040306911477870411 0.025675383897628593 0.0061243271124591095 -0.00045419628783218346 0.01812435781799691 -0.05915472679617511 -0.016149773145501149 0.031607896839493999 -0.043245437406984416
leaf_weight=88.45309478440322 13.228438841179011 60.599642653018236 2.6213168795220545 23.622609073296193 2.4507673019543281 10.162654690444468 0.78129727765917811 53.677655805833638 16.366485991515226 44.397481928579509 1.7473536543548096 1.5467492965981353 3.0826595872640601 3.5405405871570101
leaf_count=4798 121 2093 64 144 38 94 9 1001 272 482 26 31 36 61
internal_value=1.19029e-10 -0.0114513 0.0187315 0.0200848 0.0152174 0.0166756 0.0133425 -0.00183296 0.00889527 0.0109319 -0.0330958 0.0373137 -0.00313473 -0.00976923
internal_weight=326.279 202.73 123.548 120.927 95.7577 93.3069 83.1443 114.277 69.9158 67.3872 2.52865 25.1694 22.9897 19.907
internal_count=9270 7892 1378 1314 1139 1101 1007 3094 886 851 35 175 369 333
is_linear=0
shrinkage=0.05


Tree=11
num_leaves=15
num_cat=0
split_feature=11 5 14 4 17 7 14 8 18 19 5 6 9 11
split_gain=24.4636 8.80401 3.66704 3.25203 4.75493 2.95816 2.41452 5.83434 2.90168 2.49522 2.32191 2.0573 3.99481 2.17934
threshold=0.8370786516853933 0.014458640896398102 -0.043531449693776002 0.16570669297599108 0.02744882681149163 0.14662957158957238 -0.019767899551877553 0.091167348703951948 54.711158936740738 90.449438202247208 0.022027775367527206 0.026000621203001183 0.21219191443932275 0.98314606741573041
decision_type=2 2 2 2 2 2 2 2 2 2 2 2 2 2
left_child=1 -1 -2 4 6 -6 7 -4 -8 -10 -3 -5 13 -13
right_child=2 10 3 11 5 -7 8 -9 9 -11 -12 12 -14 -15
leaf_value=-0.022622205152369217 -0.024038498583432485 -0.0083468577745915463 0.036534546148937329 0.047675051875514476 0.039952764292754843 -0.033036791744154519 -0.013652480822905167 -0.017917974850550411 0.022407894606516952 -0.006025110010201765 0.0059059185238387272 -0.027654344874719256 -0.035999624834992867 0.036648950092765593
leaf_weight=86.822171700885519 4.2624681186862281 58.239951991476119 16.273892093449835 13.806183718144895 18.955606099218134 0.75860673561692138 17.953583586961031 6.1719775646924964 18.209052322432402 12.315533950924872 54.242433842271566 0.76551810652017493 1.9594690995290864 9.8518453333526832
leaf_count=4798 95 2093 155 102 167 14 274 85 234 159 1001 11 25 57
internal_value=-1.36703e-10 -0.0107583 0.0176225 0.0193308 0.0145486 0.0356848 0.00825913 0.021436 0.00184816 0.011109 -0.00148226 0.0346284 0.0178499 0.0300313
internal_weight=320.588 199.305 121.284 117.021 90.6383 19.7142 70.924 22.4459 48.4782 30.5246 112.482 26.383 12.5768 10.6174
internal_count=9270 7892 1378 1283 1088 181 907 240 667 393 3094 195 93 68
is_linear=0
shrinkage=0.05


Tree=12
num_leaves=15
num_cat=0
split_feature=11 5 11 2 7 13 3 7 12 3 21 4 5 19
split_gain=22.5715 7.41253 4.24507 2.50395 2.27577 2.19355 2.18239 2.17362 2.52603 2.09434 2.23565 2.43499 2.68373 2.21131
threshold=0.78089887640449451 0.014458640896398102 0.94943820224719111 -0.069185246377668194 0.15397245649861899 0.021629966209206302 -0.0096291504741186067 0.13437089926342613 0.067415730337078678 0.098283093874659402 74.992697110550651 0.028877205128919118 0.022797914526033632 8.4269662921348338
decision_type=2 2 2 2 2 2 2 2 2 2 2 2 2 2
left_child=1 -1 4 6 7 -5 -4 9 -9 10 11 12 13 -2
right_child=2 -3 3 5 -6 -7 -8 8 -10 -11 -12 -13 -14 -15
leaf_value=-0.023002368775887377 0.011697040612043312 -0.0025783696839971242 0.023646520008161004 0.030022660109716832 -0.045115808303172543 -0.028647631208984427 -0.05146174918465473 0.05459212520088666 -0.021700178397831307 -0.022515385013338135 0.029707567891264216 0.013823483415861981 0.017581285892277056 -0.025168561762249193
leaf_weight=78.709283848525956 4.863798991777009 101.0097125787288 0.97076138854026828 50.26130827376619 0.99384408257901569 0.8914869949221601 1.1234123539179552 3.7552133542485526 0.81345692370086897 4.6762135960161677 10.257632326334713 35.260134510695934 7.712638185825198 14.31894038338214
leaf_count=4568 76 2859 8 421 24 13 17 37 10 81 152 552 108 344
internal_value=3.88137e-10 -0.011601 0.0153144 0.0262161 0.00806174 0.0284705 -0.0202551 0.00924694 0.0395507 0.00696752 0.00915219 0.00534323 -0.00587148 -0.0157048
internal_weight=315.618 179.719 135.899 53.247 82.6519 51.1528 2.09417 81.658 4.56867 77.0894 72.4131 62.1555 26.8954 19.1827
internal_count=9270 7427 1843 459 1384 434 25 1360 47 1313 1232 1080 528 420
is_linear=0
shrinkage=0.05


Tree=13
num_leaves=15
num_cat=0
split_feature=11 5 4 14 17 2 8 6 11 17 3 0 17 17
split_gain=20.6874 6.37158 2.98814 3.76298 3.49761 2.72912 1.96373 2.07118 3.35463 2.85537 2.71914 1.86891 2.35145 1.81833
threshold=0.78089887640449451 0.012717748203486281 0.16570669297599108 -0.035833375522273836 0.026366621579996547 -0.060669848515682183 0.91118383189614149 0.017811304964889935 0.97191011235955072 0.018255331442857448 0.019288211433600936 0.038688315251342094 0.021457399170441007 0.015710338763623589
decision_type=2 2 2 2 2 2 2 2 2 2 2 2 2 2
left_child=1 13 4 -4 6 -6 7 10 -9 -10 -2 -3 -13 -1
right_child=2 11 3 -5 5 -7 -8 8 9 -11 -12 12 -14 -15
leaf_value=-0.028762128492020589 -0.021463989935852735 -0.0055055434732461678 -0.030174251433546018 0.034939315508679063 -0.021796433669280212 0.030746679156596464 -0.028571456320080638 0.016941443062156811 0.024932488305818901 -0.048597593551666589 0.0095666268849625927 0.049736736900553892 -0.0048659601124117456 -0.0099986738596744458
leaf_weight=46.260380500229076 11.408969923853876 104.37473254092038 1.676840746775272 24.259054370224476 2.0264890920370844 24.990116420201957 3.0464755091816178 47.212806649738923 1.2448118217289437 2.8991833794862032 15.459687551949171 2.5823120763525358 4.0316373966634274 19.794380036415532
leaf_count=2747 310 3482 20 182 32 259 53 675 9 33 270 23 49 1126
internal_value=1.95222e-10 -0.0111977 0.0147435 0.0297656 0.0109062 0.0261682 0.00557634 0.00725007 0.0130503 -0.0259569 -0.00390698 -0.00380803 0.0201852 -0.0233723
internal_weight=311.268 177.043 134.224 25.9359 108.289 27.0166 81.2719 78.2255 51.3568 4.144 26.8687 110.989 6.61395 66.0548
internal_count=9270 7427 1843 202 1641 291 1350 1297 717 42 580 3554 72 3873
is_linear=0
shrinkage=0.05


Tree=14
num_leaves=15
num_cat=0
split_feature=11 5 11 14 3 0 17 8 10 17 7 3 18 3
split_gain=19.0445 6.24249 3.34323 2.58965 2.48956 2.24149 2.36793 2.01729 2.352 2.76182 1.80979 1.78843 3.11481 1.72819
threshold=0.78089887640449451 0.012574218788604884 0.94943820224719111 -0.042178112301349553 0.020579361967867919 0.038688315251342094 0.021457399170441007 1.1299425628508246 0.14044943820224723 0.025278917502224368 0.21598335597797544 0.023860713622078759 75.282029094666782 0.11352046400542816
decision_type=2 2 2 2 2 2 2 2 2 2 2 2 2 2
left_child=1 -1 -2 4 -4 10 -7 8 9 13 -3 -11 -13 -5
right_child=2 5 3 7 -6 6 -8 -9 -10 11 -12 12 -14 -15
leaf_value=-0.023252081281350021 0.0076011369813848723 -0.0065381768474950365 0.019088821973726487 -0.053784339921611614 -0.055270060797355615 0.049676147144804485 -0.006419484710895775 -0.027583255758095518 0.033311818767318944 0.03718768044981148 0.03173472163794 -0.050036008586742654 0.030287429199931583 0.01790557262842362
leaf_weight=63.390522346133366 80.868745479499921 102.48810605658218 1.5948805264197283 1.6350725200027212 1.1447569988667963 2.9313179114833465 3.2208106592297554 0.92470541037619014 39.486585200764239 4.4355464056134224 2.2050531459972254 1.2784754745662215 1.6117127388715742 0.64989569038152684
leaf_count=3818 1384 3492 23 25 21 23 49 22 307 31 45 17 8 5
internal_value=-2.35193e-10 -0.010865 0.0141419 0.0238392 -0.018453 -0.00363641 0.0235171 0.0264717 0.0280201 0.005188 -0.00543944 0.0200861 -0.00897225 -0.0341505
internal_weight=307.866 174.236 133.63 52.7616 2.73964 110.845 6.15213 50.022 49.0973 9.6107 104.693 7.32573 2.89019 2.28497
internal_count=9270 7427 1843 459 44 3609 72 415 393 86 3537 56 25 30
is_linear=0
shrinkage=0.05


Tree=15
num_leaves=15
num_cat=0
split_feature=11 5 11 7 0 17 5 7 3 8 8 9 18 9
split_gain=16.4537 5.92131 3.16523 2.60528 1.98162 1.93941 1.84457 1.71428 2.03619 1.84962 1.69029 1.98274 1.587 2.91859
threshold=0.78089887640449451 0.011539949593892838 0.94943820224719111 0.21598335597797544 0.038688315251342094 0.021457399170441007 0.010950463128555989 0.055319768755990768 -0.035872362290689346 -0.05415409686072286 0.37511826766623296 0.39602790908044089 68.943062440088553 0.21219191443932275
decision_type=2 2 2 2 2 2 2 2 2 2 2 2 2 2
left_child=1 -1 7 4 -3 -6 -4 -2 9 -9 12 -12 -8 -14
right_child=2 3 6 -5 5 -7 10 8 -10 -11 11 -13 13 -15
leaf_value=-0.023531496153386317 -0.0024393230650251517 -0.00669751611480359 -0.0079312137765618889 0.035424862047889048 0.04570504544932355 -0.0064595713643383589 0.018583545155269686 0.010224895447268291 0.016915611190585749 -0.032872319206784122 -0.04320009784701092 0.0153857443651161 0.051061249776305877 0.006942392733551208
leaf_weight=55.215122959343717 30.507965030381456 107.12291027186438 4.0593670774251214 3.1180950263515106 2.7081287251785389 3.0146388672292233 23.211731633171439 4.8688984378241003 41.759830196853727 3.4509688583202642 1.0164959095418442 4.094719760119915 13.711536794900896 5.5005292706191531
leaf_count=3383 589 3927 58 47 23 47 205 82 631 82 16 52 82 46
internal_value=-8.55726e-11 -0.0102077 0.0131966 -0.00371675 -0.00509995 0.0213524 0.0227668 0.00686557 0.0124708 -0.0092603 0.0254977 -0.00142799 0.0286999 0.0393982
internal_weight=303.361 171.179 132.182 115.964 112.846 5.72277 51.5944 80.5877 50.0797 8.31987 47.535 5.11122 42.4238 19.2121
internal_count=9270 7427 1843 4044 3997 70 459 1384 795 164 401 68 333 128
is_linear=0
shrinkage=0.05


Tree=16
num_leaves=15
num_cat=0
split_feature=11 5 11 7 5 17 17 14 9 1 16 7 13 6
split_gain=14.6457 5.57354 3.09402 2.99381 2.72785 3.43749 2.68462 2.63353 2.79437 1.93136 1.88613 1.82862 1.9981 1.77809
threshold=0.78089887640449451 0.014458640896398102 0.98314606741573041 0.21598335597797544 0.016544284224112384 0.017243863028291499 0.03560910370521285 -0.042178112301349553 0.47912478258504648 0.060498997660350835 0.015054629445111621 0.026062534190603507 0.007116870908064012 0.01544680619681537
decision_type=2 2 2 2 2 2 2 2 2 2 2 2 2 2
left_child=1 13 4 -3 10 9 -7 -4 -9 -6 11 12 -2 -1
right_child=2 3 7 -5 5 6 -8 8 -10 -11 -12 -13 -14 -15
leaf_value=-0.025641377691856045 -0.040002681489689822 -0.0037729023854627449 -0.031987484176477371 0.036706181062040689 -0.021484379349476231 0.021977225048460957 -0.034573756564193842 0.036989344358935895 -0.020709128157500357 0.032737730618778958 -0.022003520568091264 0.0088950823662915721 0.012622623313068702 -0.008552607625579035
leaf_weight=48.108933471608907 3.4299658229574552 92.55596025288105 0.93728363653645175 3.8044077614322296 7.8981667330954206 52.789192189462483 1.3171860016882408 21.331652650609616 1.6830472722649563 1.0849471613764761 7.5613049361854783 31.058594001457095 2.4049570476636291 24.058568919543177
leaf_count=3129 72 2812 15 47 159 639 19 138 31 9 158 562 41 1439
internal_value=3.21218e-10 -0.00973387 0.0124544 -0.00181415 0.00867537 0.0152772 0.0199981 0.0283946 0.0320832 -0.0123123 -0.000823808 0.00398308 -0.019639 -0.0201392
internal_weight=300.024 168.528 131.496 96.3604 107.544 63.0895 54.1064 23.952 23.0147 8.98311 44.4548 36.8935 5.83492 72.1675
internal_count=9270 7427 1843 2859 1659 826 658 184 169 168 833 675 113 4568
is_linear=0
shrinkage=0.05


Tree=17
num_leaves=15
num_cat=0
split_feature=11 5 11 9 7 1 6 8 12 4 3 8 14 0
split_gain=13.3041 4.98684 2.82886 2.20515 2.19211 2.17876 1.9541 2.26999 3.08774 2.09326 2.0894 1.91928 1.82775 1.80269
threshold=0.78089887640449451 0.012574218788604884 0.98314606741573041 0.47912478258504648 0.21598335597797544 0.054867544578014134 0.019085251042895251 -0.25908741279530129 -0.66853932584269649 -0.007741017510219105 -0.013760305842892393 1.0083780594037641 -0.035833375522273836 0.038688315251342094
decision_type=2 2 2 2 2 2 2 2 2 2 2 2 2 2
left_child=1 -1 5 12 13 6 10 -8 9 -9 -2 -7 -4 -3
right_child=2 4 3 -5 -6 11 7 8 -10 -11 -12 -13 -14 -15
leaf_value=-0.020846049814676183 -0.02908694111964362 -0.005942059744762352 -0.011395343175890305 -0.02014959161120413 0.030242571728388741 0.033475202395643451 0.030201256514461275 0.020113235489764934 0.010085000453922367 -0.046443682509150548 0.0019893590362817628 -0.025582118314162201 0.035962309718696087 0.021633947281043262
leaf_weight=59.215789736015722 5.6555252675898364 98.269830914679915 1.7977833249606252 1.5859654354862858 3.8024927936494342 11.03886902146041 11.356895191594957 0.97805002517998207 45.049357329960912 3.3129700385034075 28.309918087208644 0.81894623488187868 19.817870585247874 5.330395931378006
leaf_count=3818 153 3492 23 32 47 125 114 11 606 60 577 13 129 70
internal_value=-2.99077e-10 -0.00932437 0.0119562 0.0274639 -0.00283827 0.00835437 0.0056636 0.0109742 0.00603656 -0.0303392 -0.00386899 0.0277241 0.0316938 -0.00432997
internal_weight=296.341 166.619 129.722 23.2016 107.403 106.521 94.6627 60.6973 49.3404 4.29102 33.9654 11.8578 21.6157 103.6
internal_count=9270 7427 1843 184 3609 1659 1521 791 677 71 730 138 152 3562
is_linear=0
shrinkage=0.05


Tree=18
num_leaves=15
num_cat=0
split_feature=11 5 11 4 7 7 17 7 18 5 3 5 7 7
split_gain=11.5876 4.4896 2.93936 2.46804 1.99836 3.28849 2.29038 4.05713 2.78565 2.59853 2.59031 2.10079 1.57934 2.04116
threshold=0.78089887640449451 0.014458640896398102 0.94943820224719111 -0.14183806452579614 0.035847345449749497 0.047513942013235284 0.02744882681149163 0.053387522830690821 61.813602696548081 0.024115711952321279 0.043328386223300271 0.019023912059677902 0.15397245649861899 0.13437089926342613
decision_type=2 2 2 2 2 2 2 2 2 2 2 2 2 2
left_child=1 -1 12 -3 -4 -6 7 -7 10 -9 11 -8 13 -2
right_child=2 3 4 -5 5 6 8 9 -10 -11 -12 -13 -14 -15
leaf_value=-0.018328592273545413 0.0039261509651964737 0.025349227371631658 0.036657770454661419 -0.0039900578158317884 -0.035798632649310075 0.02981128331045553 -0.026863449233377596 -7.8838650905535898e-05 0.044250615291119594 -0.055970573696896876 -0.036921036672158354 0.035022522203250799 -0.040735914839873495 0.035400672379577551
leaf_weight=69.324964030180126 73.695853754412383 6.7942924075759938 13.580241695046423 88.69014735892415 2.1708681844174853 6.6231185570359221 1.0179308056831384 5.9640803234651667 10.977235458791254 2.1951770996674895 1.7472172416746614 4.4424795527011156 0.84716783976182242 4.5766981672495595
leaf_count=4568 1313 160 111 2699 27 55 16 76 77 30 29 38 24 47
internal_value=-1.83834e-10 -0.00874044 0.0112486 -0.0016613 0.0207933 0.0138172 0.0180421 0.00303313 0.0294488 -0.0195851 0.00426075 0.0211133 0.00518524 0.00618986
internal_weight=292.647 164.809 127.838 95.4844 48.7183 35.1381 32.9672 14.7824 18.1849 8.15926 7.20763 5.46041 79.1197 78.2726
internal_count=9270 7427 1843 2859 459 348 321 161 160 106 83 54 1384 1360
is_linear=0
shrinkage=0.05


Tree=19
num_leaves=15
num_cat=0
split_feature=11 5 11 4 5 17 1 13 9 7 2 8 3 4
split_gain=10.2544 4.1208 2.68688 2.19372 2.12294 2.28526 2.09474 2.03748 2.01018 1.94962 1.74669 1.70035 1.77717 1.67572
threshold=0.78089887640449451 0.018383146600001492 0.98314606741573041 -0.14183806452579614 0.016544284224112384 0.017243863028291499 -0.054904175713833873 -0.025805871524601877 0.47912478258504648 0.12084337921697842 0.066374260252165876 0.22975596042730631 -0.082355156052124331 0.33251669757181351
decision_type=2 2 2 2 2 2 2 2 2 2 2 2 2 2
left_child=1 -1 4 -3 -2 10 7 -7 13 -5 -6 12 -8 -4
right_child=2 3 8 9 5 6 11 -9 -10 -11 -12 -13 -14 -15
leaf_value=-0.015116667869380127 -0.0012553244335271546 0.027058181713450893 0.034956384071630965 0.003914699219996748 -0.019259029779945102 0.02162004754698163 -0.025554567909781375 -0.04821106971836412 -0.019148568054092173 -0.014689279880526738 0.032684543048479058 0.0016401141575544912 0.025927988439233485 -0.0093852075691318836
leaf_weight=93.100300156278536 43.943421858362854 6.2184359831735483 18.397658466827131 43.418555699288845 7.4487806716933829 1.0313648302108052 0.98455061996355553 1.4934453945606936 1.5926320473663498 19.644548331387341 1.0540680550038812 10.945822502486406 38.164273077622056 1.9760977718979109
leaf_count=5760 833 104 131 1033 159 11 21 28 32 530 9 149 449 21
internal_value=-2.30139e-10 -0.00830284 0.0105953 0.000938361 0.00712801 0.0130783 0.0169348 -0.0216447 0.0261467 -0.00201939 -0.0100579 0.0192648 0.024029 0.0304177
internal_weight=289.414 162.382 127.032 69.2815 105.066 61.1223 52.6195 2.52481 21.9664 63.0631 8.50285 50.0946 39.1488 20.3738
internal_count=9270 7427 1843 1667 1659 826 658 39 184 1563 168 619 470 152
is_linear=0
shrinkage=0.05


Tree=20
num_leaves=15
num_cat=0
split_feature=11 5 18 4 20 0 8 7 15 6 3 10 21 14
split_gain=9.504 3.99118 2.23967 2.01163 1.88037 2.37977 1.99273 1.77064 1.59643 1.53174 2.05165 3.13401 1.92057 1.71429
threshold=0.78089887640449451 0.018383146600001492 86.990706132350127 -0.1320006833512882 50.561797752808992 0.0021494552391218007 0.41775160783579418 0.12084337921697842 0.86111111111111127 0.019085251042895251 0.026773769888687075 0.65730337078651691 81.369825509734667 -0.026726228621261543
decision_type=2 2 2 2 2 2 2 2 2 2 2 2 2 2
left_child=1 -1 9 -3 6 -6 8 -5 -4 10 11 13 -11 -2
right_child=2 3 4 7 5 -7 -8 -9 -10 12 -12 -13 -14 -15
leaf_value=-0.014787093875412969 0.031071316421480595 0.023606281837538084 0.052240207687454555 0.0032680536136348321 -0.033023390893905873 0.019449505069110275 -0.0022522190397284161 -0.015372517659810887 -0.01683165168732299 0.012893974085662807 0.010201115524099646 -0.034960376204099274 -0.030429425399130478 -0.0089396416339714187
leaf_weight=92.073832896538079 3.179919241927565 7.7009500926360479 8.6132005555555224 43.712764805182815 1.8588470183312882 8.1826457846909744 2.4140038555487981 16.839461238123477 0.45736069604754526 66.986990634351969 18.110435274429619 7.7410126053728154 1.7316991165280331 6.5943053783848891
leaf_count=5760 68 136 63 1031 29 96 34 500 6 846 303 208 24 166
internal_value=8.5854e-11 -0.00805202 0.0102389 0.00111595 0.0246011 0.00762479 0.0376446 -0.00208138 0.0474319 0.00707055 -0.00132847 -0.0131569 0.0113814 0.0057531
internal_weight=286.197 160.327 125.87 68.2532 21.5261 10.0415 11.4846 60.5522 9.07056 104.344 35.6257 17.5152 68.7187 9.77422
internal_count=9270 7427 1843 1667 228 125 103 1531 69 1615 745 442 870 234
is_linear=0
shrinkage=0.05


Tree=21
num_leaves=15
num_cat=0
split_feature=11 14 5 5 4 1 6 3 14 1 7 14 16 3
split_gain=8.68847 5.03987 4.23515 3.45894 2.98694 2.06023 1.90394 1.82791 2.40272 1.70734 1.69125 2.84944 1.49603 1.46906
threshold=0.89325842696629221 -0.043531449693776002 0.022027775367527206 0.015760901423755854 0.043616316971912601 -0.059949587777566975 0.019085251042895251 0.13873660958751924 -0.019767899551877553 -0.054904175713833873 0.049942202885870431 0.017210550320282552 0.014552244500331525 -0.12633324542520444
decision_type=2 2 2 2 2 2 2 2 2 2 2 2 2 2
left_child=2 -2 4 7 6 -5 9 8 -3 -1 -6 -12 -8 -4
right_child=1 3 13 5 10 -7 12 -9 -10 -11 11 -13 -14 -15
leaf_value=0.014547608127145346 -0.040293820492215811 0.020757067919551772 0.035099280438074504 -0.027490786920044252 -0.0051009777304779529 0.02519894857160267 0.0014900426232229947 0.03092638200770996 -0.016689938785351407 -0.01901910570822074 0.034032552521816771 -0.016189615181162721 -0.021263538628596545 0.0039645568407638493
leaf_weight=3.2754328586161128 3.1349989385344079 5.0678170137107417 3.1255804840475312 1.1345138316974033 17.965937318280343 52.152001049369574 30.004284354392439 2.9950415994971982 13.867095116525888 78.532350491266698 7.8867328371852619 3.4230878436937928 8.4681377378292364 52.277941233478487
leaf_count=161 69 62 35 21 638 514 1158 34 227 4677 167 101 315 1091
internal_value=-3.86292e-10 0.0140571 -0.00541588 0.0168214 -0.00977364 0.0235914 -0.0132385 5.98067e-05 -0.00612899 -0.0175157 0.0044288 0.0187517 -0.00393005 0.00631216
internal_weight=283.311 78.3515 204.959 75.2165 149.556 53.2865 120.28 21.93 18.9349 81.8078 29.2758 11.3098 38.4724 55.4035
internal_count=9270 927 8343 858 7217 535 6311 323 289 4838 906 268 1473 1126
is_linear=0
shrinkage=0.05


Tree=22
num_leaves=15
num_cat=0
split_feature=11 5 14 4 5 0 8 17 0 3 7 7 20 8
split_gain=7.88945 3.61893 3.15863 2.45867 2.41364 2.19228 2.52382 2.31308 2.79069 2.09545 1.82061 1.74613 2.17428 1.70524
threshold=0.89325842696629221 0.022027775367527206 -0.043531449693776002 0.043616316971912601 0.010847828325188271 0.0019830349952514319 -0.19367450991425808 0.018014636614029599 -0.017691625351038517 -0.0021374222348182754 0.21598335597797544 0.076630701365106593 6.1797752808988786 -0.0156885588944175
decision_type=2 2 2 2 2 2 2 2 2 2 2 2 2 2
left_child=1 3 -2 -1 -4 6 -6 -8 13 -10 -3 12 -11 -9
right_child=2 10 4 -5 5 -7 7 8 9 11 -12 -13 -14 -15
leaf_value=-0.012475644233485107 -0.031772459096383758 0.0030460450003026596 -0.0087172573435757138 0.0035835678826543747 0.029189845953397676 0.026932245228697606 0.027809681702412211 -0.027082662611825598 0.013922525418274901 0.0078757691626625929 0.037535515206262728 -0.0020830373047647788 -0.064680034486734692 0.024216296707212589
leaf_weight=117.94576709833927 2.7901774225756517 51.978258522693068 8.511436674743889 29.326120392885059 8.9691667240113038 36.038760767318308 4.3215927090495851 1.2188496626913545 2.0811571665108257 1.0402306318282972 3.1548926271498194 2.6756032425910234 4.1556990649551153 5.8954654410481515
leaf_count=6311 69 1094 150 906 80 368 58 17 22 11 32 34 62 56
internal_value=3.74325e-10 -0.00520105 0.0134427 -0.00927519 0.0155233 0.018714 0.00841001 -0.00121844 -0.00970117 -0.0257618 0.00565317 -0.0366407 -0.0512276 0.0131731
internal_weight=280.103 202.405 77.6981 147.272 74.908 66.3965 30.3578 21.3886 17.067 9.95269 55.1332 7.87153 5.19593 7.11432
internal_count=9270 8343 927 7217 858 708 340 260 202 129 1126 107 73 73
is_linear=0
shrinkage=0.05


Tree=23
num_leaves=15
num_cat=0
split_feature=11 6 5 1 4 12 5 4 3 14 8 5 21 2
split_gain=7.21003 3.34696 2.81035 2.48111 2.38277 2.10965 1.89415 1.70045 2.54402 1.58192 1.65011 1.47654 1.46521 1.3807
threshold=0.89325842696629221 0.01544680619681537 0.011418074351204529 -0.054904175713833873 -0.14183806452579614 0.1404494382022472 0.031004173401272369 0.030836507371214354 0.10312643646079779 -0.043531449693776002 1.3206541847028956 0.013520276978632433 19.804670003658394 0.044779139910613004
decision_type=2 2 2 2 2 2 2 2 2 2 2 2 2 2
left_child=1 6 -2 -4 5 -3 13 -6 12 11 -11 -5 -9 -1
right_child=2 4 3 9 7 -7 -8 8 -10 10 -12 -13 -14 -15
leaf_value=-0.016674311230514747 -0.011092805427637086 0.041555339079806103 -0.030519259033764668 0.025840740438662742 -0.0053041025273617695 -0.00616868124948192 0.023596832868134899 -0.009615378039247207 -0.033417479233004553 0.02085501995246905 -0.029741775568397327 -0.037816900633691197 0.019216863433178827 0.0098559916177099645
leaf_weight=67.781768811866641 9.9418512778356654 5.1530737471766752 1.8345039142295707 0.56422708556055967 88.930575849488378 3.3442452782765031 2.476552582345902 4.8746376810595455 2.2771328939124933 62.606515046209097 0.81171332113444705 1.569148840382695 20.613651425112039 4.6413052938878527
leaf_count=4067 174 92 36 3 3212 99 38 118 54 649 17 48 489 174
internal_value=8.99591e-12 -0.00501267 0.0128691 0.0165149 9.82629e-06 0.024101 -0.0132972 -0.00193426 0.00866826 0.01827 0.0197558 -0.0181071 0.0135479 -0.014863
internal_weight=277.421 200.093 77.328 67.3861 125.193 8.49732 74.8996 116.696 27.7654 65.5516 63.4182 2.13338 25.4883 72.4231
internal_count=9270 8343 927 753 4064 191 4279 3873 661 717 666 51 607 4241
is_linear=0
shrinkage=0.05


Tree=24
num_leaves=15
num_cat=0
split_feature=11 7 5 7 7 11 9 7 9 12 1 4 5 9
split_gain=6.6545 3.27336 1.87926 1.87806 2.11099 1.84686 2.17139 2.16588 1.69131 1.62803 1.57329 1.89326 2.20764 1.90918
threshold=0.78089887640449451 0.21598335597797544 0.011539949593892838 0.15397245649861899 0.23685386362133112 0.98314606741573041 0.47912478258504648 0.13437089926342613 -0.34740354165014536 0.067415730337078678 0.05102375745720978 0.030836507371214354 0.037639197441851534 0.16500876524178013
decision_type=2 2 2 2 2 2 2 2 2 2 2 2 2 2
left_child=1 2 -1 5 -5 7 8 10 -7 -9 11 -2 13 -13
right_child=3 -3 -4 4 -6 6 -8 9 -10 -11 -12 12 -14 -15
leaf_value=-0.016218704265207759 -0.0074092573191180556 0.031559794608774908 -0.0042539057296236008 -0.05528114821309224 0.01788117682895771 -0.022133883740399651 -0.023414539558739053 0.045249970232358994 0.032348120576326168 -0.018393635139379062 0.021145022039749849 0.015524078482737364 -0.041608440261315452 -0.0063797611217979583
leaf_weight=48.499761778395623 30.512155862990767 4.3859424917027345 100.63831438682973 1.4016467658802858 1.0303484797477722 0.86364036425948754 1.4946823325008143 4.5346751529723397 16.751826415769756 0.65404338389635075 11.902204658836125 38.043217990547419 1.1831311061978329 12.72191527392715
leaf_count=3372 625 58 3997 35 10 8 30 39 128 10 154 567 22 215
internal_value=-1.773e-10 -0.00689344 -0.00822697 0.00872448 -0.0281063 0.00970791 0.0235989 0.00683319 0.0286315 0.0355518 0.00489779 0.00232744 0.00807828 0.0100177
internal_weight=274.618 153.524 149.138 121.093 2.432 118.661 19.1101 99.5513 17.6155 5.18872 94.3626 82.4604 51.9483 50.7651
internal_count=9270 7427 7369 1843 45 1798 166 1632 136 49 1583 1429 804 782
is_linear=0
shrinkage=0.05


Tree=25
num_leaves=15
num_cat=0
split_feature=11 7 5 18 8 14 0 6 10 3 15 19 17 17
split_gain=5.89984 3.33624 1.73915 1.70651 2.65931 2.10824 3.04979 2.14414 2.48902 2.28103 2.07315 2.0043 1.61421 1.51491
threshold=0.78089887640449451 0.23685386362133112 0.011539949593892838 69.416360793859226 0.91118383189614149 0.022566823884922465 0.017725259983513601 0.01991832012879818 0.71348314606741581 0.028257410725291868 0.90555555555555567 89.325842696629223 0.018183052138082269 0.039349240362126718
decision_type=2 2 2 2 2 2 2 2 2 2 2 2 2 2
left_child=1 2 -1 5 10 7 12 8 -2 -10 -5 -6 -7 -3
right_child=3 13 -4 4 11 6 -8 -9 9 -11 -12 -13 -14 -15
leaf_value=-0.015458717916442807 0.0088999518802163353 0.048830571354142267 -0.0039144425116035934 0.024438522025813897 0.017948064416448518 0.0018609087953554097 0.024547320265142489 0.012829655187504724 -0.04170605719317122 -0.00093384913448362654 -0.015284349619268431 -0.049391612608676742 -0.060097304073531067 -0.022000031657756779
leaf_weight=47.756921203806996 15.584870090242477 2.81625107768923 101.73053020518273 32.230918101966381 1.2003124505281442 1.3802292384207238 1.6963561307638881 47.442957104183733 5.4153272830881161 7.4737581266090274 2.9749193843454114 1.6602086853235958 2.743617307394743 0.32879524026066054
leaf_count=3375 338 23 4017 403 13 36 25 600 163 128 42 38 57 12
internal_value=-2.96051e-10 -0.00650081 -0.00768072 0.00826744 0.0168805 0.00410065 -0.0226333 0.00641783 -0.00433829 -0.0198336 0.0207525 -0.0238052 -0.0430442 0.0379046
internal_weight=272.436 152.632 149.487 119.803 38.0664 81.7371 5.8202 75.9169 28.474 12.8891 35.2058 2.86052 4.12385 3.14505
internal_count=9270 7427 7392 1843 496 1347 118 1229 629 291 445 51 93 35
is_linear=0
shrinkage=0.05


Tree=26
num_leaves=15
num_cat=0
split_feature=11 7 14 5 6 7 7 4 9 10 4 14 7 1
split_gain=5.77248 3.47847 2.27677 2.10495 2.01946 1.86228 1.78563 1.6067 1.61559 1.68024 2.77841 1.81703 2.2461 1.79626
threshold=0.89325842696629221 0.23685386362133112 -0.043531449693776002 0.015049891011224134 0.01544680619681537 0.039531499830438528 0.049511231937367679 0.0035422665559496917 0.81850074785564797 0.28651685393258436 0.063979069069956665 -1.0000000180025095e-35 0.099443705652875927 0.036711942628649859
decision_type=2 2 2 2 2 2 2 2 2 2 2 2 2 2
left_child=1 4 -2 5 -1 -4 -7 -5 9 10 -9 12 13 -11
right_child=2 -3 3 7 -6 6 -8 8 -10 11 -12 -13 -14 -15
leaf_value=-0.012026934287245586 -0.028359650407756738 0.040082756246474914 0.016285052731055918 0.036100812462046564 -0.0014814139707717646 -0.054140901534162768 -0.0040494532286784908 -0.043470640763094419 -0.018445535198788533 0.023589938545910211 0.012718039693100631 0.033919167442748969 -0.041205713741062737 -0.014907743932393053
leaf_weight=72.173883745912462 2.4854785189963868 3.2929741088300934 7.9712616391479996 9.8474457003176195 120.47920797672123 1.2464307919144619 9.5079017467796785 1.9627197757363299 2.8025546018034211 12.024094281718137 7.5625882633030415 14.978728476911785 1.0226562060415734 3.1977133583277455
leaf_count=4278 69 35 109 91 4030 23 161 31 45 128 77 139 14 40
internal_value=-1.24096e-12 -0.00450857 0.0117438 0.0134947 -0.0054738 -0.000916453 -0.0139672 0.0184724 0.0137655 0.0163696 -0.00188992 0.0218259 0.00935455 0.0150821
internal_weight=270.556 195.946 74.6096 72.1241 192.653 18.7256 10.7543 53.3985 43.5511 40.7485 9.52531 31.2232 16.2445 15.2218
internal_count=9270 8343 927 858 8308 293 184 565 474 429 108 321 182 168
is_linear=0
shrinkage=0.05


Tree=27
num_leaves=15
num_cat=0
split_feature=11 7 17 11 4 17 9 6 4 14 1 16 9 0
split_gain=4.89819 3.50799 1.63213 1.61866 1.60877 2.16134 1.57487 1.50247 1.69566 1.53815 1.47231 1.4276 1.3886 1.55878
threshold=0.78089887640449451 0.23685386362133112 0.039349240362126718 0.98314606741573041 0.33251669757181351 0.023102567355131495 0.47912478258504648 0.015328004844732511 -0.044213792619947172 -0.025300996977612168 0.05102375745720978 0.021358615805823874 -0.2005661638700357 -0.012947395882182354
decision_type=2 2 2 2 2 2 2 2 2 2 2 2 2 2
left_child=1 7 -3 10 6 -6 12 8 9 -1 -2 -12 13 -5
right_child=3 2 -4 4 5 -7 -8 -9 -10 -11 11 -13 -14 -15
leaf_value=-0.015855770325122177 0.0023788562211266152 0.04936454217768773 -0.023089305283252502 0.026209877892091962 0.025196133029535408 -0.048028591744340307 -0.019468922722282941 -0.0029900283181353627 -0.019621544560835369 0.0094985381847065946 0.024053079406756349 -0.031257088373469417 0.03508688664324449 -0.032587841384051151
leaf_weight=9.9965693256817776 84.281367075629532 3.0220836810767646 0.34129361435770977 1.2862588390707972 1.0750736407935613 1.0860626548528669 1.14398843795061 88.846900276141241 37.324489888735116 12.150113942101596 12.329296337440606 0.42735927551984865 13.99719625618309 1.2352895140647948
leaf_count=631 1491 23 12 10 10 16 27 3478 2460 823 162 6 106 15
internal_value=1.76286e-11 -0.00591103 0.0384058 0.0076573 0.0203438 -0.0151549 0.0252666 -0.00716646 -0.0132532 -0.00213647 0.00488451 0.0200627 0.0292991 -0.00366904
internal_weight=268.543 151.681 3.36338 116.862 19.8239 2.16114 17.6627 148.318 59.4712 22.1467 97.038 12.7567 16.5187 2.52155
internal_count=9270 7427 35 1843 184 26 158 7392 3914 1454 1659 168 131 25
is_linear=0
shrinkage=0.05


Tree=28
num_leaves=15
num_cat=0
split_feature=11 7 5 0 1 3 0 17 1 14 17 18 17 14
split_gain=4.5613 3.69036 2.39816 1.77175 2.11206 2.20425 1.776 2.28628 1.87025 1.61431 1.58639 1.46942 1.66381 2.52671
threshold=0.89325842696629221 0.23685386362133112 0.011055785232540295 -0.0044419065100174118 -0.014693197788057553 0.021255762632299894 -0.018322437199729476 0.015034194721478602 0.014682648259193855 0.022196329129065367 0.039349240362126718 69.416360793859226 0.015442296663270036 0.015525611765253496
decision_type=2 2 2 2 2 2 2 2 2 2 2 2 2 2
left_child=1 11 -2 6 5 -5 8 -8 -4 -9 -3 12 -1 -14
right_child=2 10 3 4 -6 -7 7 9 -10 -11 -12 -13 13 -15
leaf_value=-0.012842465475449989 -0.01284178034530355 0.049235463183242706 0.0234647536367046 0.017183868606199856 0.02331724485946142 -0.036953631336504845 0.02508856107237524 -0.039595060504118762 -0.022095111284869705 0.016697746712636248 -0.022404285802401183 0.0064751031034073151 0.0009308381604500723 -0.019829710389357491
leaf_weight=65.663443243131042 8.7674206849187595 3.4313404653221364 8.7835286268964428 3.2509827888570717 39.324822908267379 2.4337440170347691 1.7704505138099182 5.1872074212878942 2.0675959549844256 1.0033084526658056 0.3324768254533409 23.402000478003174 84.872901734663174 16.695552006363869
leaf_count=4040 166 23 107 41 439 39 22 80 24 9 12 752 2791 725
internal_value=-1.99745e-10 -0.00399572 0.0106097 0.0139797 0.0192661 -0.00805433 0.000997558 -0.0158494 0.0136518 -0.0294182 0.0395326 -0.00505694 -0.0066996 -0.00264179
internal_weight=266.987 194.398 72.5891 63.8216 45.0095 5.68473 18.8121 7.96097 10.8511 6.19052 3.76382 190.634 167.232 101.568
internal_count=9270 8343 927 761 519 80 242 111 131 89 35 8308 7556 3516
is_linear=0
shrinkage=0.05


Tree=29
num_leaves=15
num_cat=0
split_feature=11 7 5 14 10 1 0 2 0 1 17 7 17 20
split_gain=3.98413 3.3649 2.25255 1.72821 1.67249 1.62515 2.00581 1.56084 1.5673 1.61524 1.51256 2.6691 1.51146 1.49544
threshold=0.89325842696629221 0.23685386362133112 0.011055785232540295 -0.043531449693776002 0.039325842696629219 0.028459630072347423 -0.016782174544885339 0.13302969936569112 -0.0060259072704633701 0.013413914535369777 0.020796381446389779 0.037179967363776829 0.039349240362126718 25.842696629213489
decision_type=2 2 2 2 2 2 2 2 2 2 2 2 2 2
left_child=1 -1 -2 -4 5 6 -5 8 9 -6 11 -10 -3 -11
right_child=2 12 3 4 7 -7 -8 -9 10 13 -12 -13 -14 -15
leaf_value=-0.0047658598388287121 -0.012894482210167313 0.046854008143500124 -0.023639619238624038 0.019676603620576338 0.01490766472768079 0.027406697552403228 -0.033904652352809372 -0.016716640374580715 0.030352131318274363 0.02297003235559545 0.03230516286171433 -0.013417822381264197 -0.022394503522728273 -0.035385583786239412
leaf_weight=189.6108357985504 8.6464376496151072 3.5135641284286971 2.1774744177237144 1.7973439693450926 10.585575124248853 1.7730334512889383 4.4075503926724187 2.3394422009587279 6.2608363833278471 0.7607006393373007 24.565744172781706 5.8672084715217352 0.33524046838283528 2.7537899073213339
leaf_count=8308 166 23 59 22 121 15 62 28 70 8 244 95 12 37
internal_value=6.37908e-11 -0.00373778 0.00996568 0.0132408 0.0149143 -0.00582531 -0.0178072 0.0180785 0.0199729 0.00531966 0.025313 0.00976831 0.0374477 -0.0204645
internal_weight=265.395 193.46 71.9351 63.2887 61.1112 7.97793 6.20489 53.1333 50.7939 14.1001 36.6938 12.128 3.8488 3.51449
internal_count=9270 8343 927 761 702 99 84 603 575 166 409 165 35 45
is_linear=0
shrinkage=0.05


Tree=30
num_leaves=15
num_cat=0
split_feature=7 11 7 11 9 9 7 7 7 4 14 14 14 2
split_gain=3.54822 4.12924 2.32815 1.63655 1.66755 1.78629 1.58146 1.53432 1.46786 1.85017 1.43673 1.2869 1.95422 1.41946
threshold=0.23685386362133112 0.75842696629213491 0.15397245649861899 0.98314606741573041 -0.34740354165014536 0.47912478258504648 0.069457363727385105 0.13437089926342613 0.012782995639517071 0.069346390127912563 -0.043531449693776002 -0.013897885051916425 -0.00574188453913265 -0.025988920886898467
decision_type=2 2 2 2 2 2 2 2 2 2 2 2 2 2
left_child=1 6 3 7 -5 -6 8 10 -1 -10 -3 13 -13 -8
right_child=-2 2 -4 4 5 -7 11 -9 9 -11 -12 12 -14 -15
leaf_value=-0.00019301659170585801 0.038093409515466921 -0.021677310092708072 -0.045609908344350178 -0.026747434719734856 0.029592167495163246 -0.019801700320653169 -0.002479892155564972 0.030231501384862108 -0.02223379218612806 0.0082904079838358787 0.0043124937832951672 0.024038493683798089 -0.0015951169631498255 -0.023064857407700982
leaf_weight=15.919987843371926 4.9756985353305927 4.662576944101601 1.1597157940268505 0.92190672457218426 15.212699880823495 1.3671361771412183 26.899332085158676 4.4182550245895973 34.534863276872784 5.2398975482210508 89.492392156738788 8.1101801865734142 39.878796054981649 11.352651961147783
leaf_count=769 45 120 37 8 128 30 1195 52 2220 205 1645 360 1894 562
internal_value=1.03257e-11 -0.000874945 0.00604125 0.00694247 0.0206191 0.0246246 -0.00658982 0.00433149 -0.0130807 -0.0181079 0.00281119 -0.00229607 0.00313925 -0.00902119
internal_weight=264.146 259.17 117.235 116.075 17.5017 16.5798 141.936 98.5732 55.6947 39.7748 94.155 86.241 47.989 38.252
internal_count=9270 9225 2020 1983 166 158 7205 1817 3194 2425 1765 4011 2254 1757
is_linear=0
shrinkage=0.05


Tree=31
num_leaves=15
num_cat=0
split_feature=7 11 7 7 11 11 7 7 12 1 14 16 20 4
split_gain=3.4332 3.49304 1.92251 1.43654 1.74325 1.39635 1.47038 1.38084 1.2939 1.26929 1.26687 1.65749 1.50225 1.25712
threshold=0.23685386362133112 0.75842696629213491 0.15397245649861899 0.068689610146064964 1.0000000180025095e-35 0.98314606741573041 0.13437089926342613 0.012782995639517071 0.067415730337078678 -0.0564255990290684 -0.025300996977612168 0.012974737472042147 75.280898876404521 0.058451255837282841
decision_type=2 2 2 2 2 2 2 2 2 2 2 2 2 2
left_child=1 3 5 4 13 6 9 -6 -8 -3 11 12 -5 -1
right_child=-2 2 -4 10 7 -7 8 -9 -10 -11 -12 -13 -14 -15
leaf_value=-0.0071976526440822091 0.037214829179971008 -0.027217706922038995 -0.043040703936294028 0.010692713619142251 -0.0028121073596374811 0.019082500911953681 0.038849595638641647 -0.022357816671694349 -0.018442137891940744 0.0035095161793687116 0.0023300487923972987 -0.020131959261365698 -0.026838061713212499 0.026497775526748948
leaf_weight=6.4545608349144441 5.055345249362289 2.4945667954161754 1.0204050065949548 11.348032273352148 13.076028864830731 17.137976535595953 3.85659460350871 30.742456225678325 0.6015584161505102 91.226631402503699 56.352260960265994 16.983744728844613 2.4087393702939144 3.4755010297521949
leaf_count=350 45 52 37 447 650 166 41 2040 11 1713 2682 824 114 98
internal_value=3.56175e-12 -0.000872839 0.00551277 -0.00614915 -0.0124997 0.00630874 0.00390905 -0.016718 0.0291565 0.00241294 -0.00213257 -0.0101289 0.00274789 0.005941
internal_weight=262.234 257.179 116.338 140.841 53.7485 115.317 98.1794 43.8185 4.45815 93.7212 87.0928 30.7405 13.7568 9.93006
internal_count=9270 9225 2020 7205 3138 1983 1817 2690 52 1765 4067 1385 561 448
is_linear=0
shrinkage=0.05


Tree=32
num_leaves=15
num_cat=0
split_feature=5 4 7 11 14 8 10 16 12 8 16 3 16 5
split_gain=2.9585 2.54454 2.49697 2.20111 2.09537 1.6573 1.80694 1.82779 1.46001 1.43454 1.66868 1.42987 1.39713 1.39119
threshold=0.016544284224112384 0.044480515977394337 0.23685386362133112 0.88202247191011252 -0.043531449693776002 0.31359178984221819 0.56741573033707871 0.013577846281203848 0.84831460674157322 0.13915247809372269 0.015498743039595479 0.093977140507735882 0.0079917655026502006 0.017799493844511623
decision_type=2 2 2 2 2 2 2 2 2 2 2 2 2 2
left_child=1 -1 3 -2 -5 6 7 12 -4 10 -3 -11 -6 -14
right_child=2 9 8 4 5 -7 -8 -9 -10 11 -12 -13 13 -15
leaf_value=-0.01077422474285647 -0.001201621392960696 0.015957330238996023 0.044995198755822911 -0.034503712569160412 0.016458219328682109 -0.0065759868047301625 0.026010114389530249 0.021495629578910665 -0.022864077685009799 0.0022861519996650015 -0.024333912650255682 -0.032889776039421136 0.016215929988104529 -0.034664318248050309
leaf_weight=80.774962009396404 90.012391049880534 22.389838902279738 4.3753724992275229 1.4032187722623337 2.3235218375921232 7.6998342955484977 24.821476871147752 6.6971506569534531 0.30480025336146344 9.155514329671858 1.9921318804845203 3.144532390870153 1.1114729195833204 4.6203461345285177
leaf_count=5137 2510 587 29 48 25 113 264 74 4 269 62 71 12 65
internal_value=1.60518e-10 -0.00585637 0.00480523 0.00344833 0.011898 0.0139616 0.0180211 0.00378152 0.0373286 0.00497143 0.0118363 -0.00850341 -0.0116933 -0.0238548
internal_weight=260.827 117.457 143.37 138.689 48.677 47.2738 39.574 14.7525 4.68017 36.682 24.382 12.3 8.05534 5.73182
internal_count=9270 6126 3144 3111 601 553 440 176 33 989 649 340 102 77
is_linear=0
shrinkage=0.05


Tree=33
num_leaves=15
num_cat=0
split_feature=18 7 21 6 3 9 4 6 14 16 1 1 1 0
split_gain=2.71785 3.3617 2.47221 2.3079 1.65261 1.6519 1.55034 1.77525 1.83846 1.6185 1.56462 1.26768 1.25395 1.21915
threshold=86.990706132350127 0.23685386362133112 89.734294010373802 0.01544680619681537 0.17060225697883682 0.66283055167577387 0.030836507371214354 0.034038875334225435 0.025821302630440423 0.008470129643555032 0.04073531097423911 0.05102375745720978 0.060498997660350835 -0.01961707016216829
decision_type=2 2 2 2 2 2 2 2 2 2 2 2 2 2
left_child=1 3 5 -1 -4 -2 12 8 10 -9 13 -10 -5 -8
right_child=2 -3 4 6 -6 -7 7 9 11 -11 -12 -13 -14 -15
leaf_value=-0.0096154161870421907 0.033780931749621192 0.036867999388593552 0.005271978189182072 -0.0037839177472866279 -0.048213540725611126 -0.0054595709375811043 0.032655655399959953 0.02304532014916208 -0.0264202169788747 -0.037353125673126542 -0.013516904550781215 0.020915174667005782 0.027463078890621329 0.011284241557046493
leaf_weight=75.078615373000503 12.711090527009221 4.565596009604632 4.3848969098180524 98.002744677243754 1.0412302725017069 3.0193571094423524 7.8879024740308514 0.77788865566253607 4.5069124419242135 2.9186452757567167 4.337045479565858 1.0758832227438686 2.3268118761479846 36.908033207058907
leaf_count=4397 164 42 64 3434 17 56 111 7 130 47 76 16 42 667
internal_value=5.87504e-11 -0.00155065 0.0167537 -0.00245462 -0.0108971 0.0263728 0.000971139 0.0073787 0.00976002 -0.0224424 0.012883 -0.0155065 -0.00279537 0.0156783
internal_weight=259.543 238.386 21.1566 233.82 5.42613 15.7304 158.742 58.4123 54.7158 3.69653 49.133 5.5828 100.33 44.7959
internal_count=9270 8969 301 8927 81 220 4530 1054 1000 54 854 146 3476 778
is_linear=0
shrinkage=0.05


Tree=34
num_leaves=15
num_cat=0
split_feature=1 4 7 14 6 12 5 14 14 17 6 2 11 20
split_gain=2.66647 2.61027 2.66736 2.121 1.94157 2.41305 1.80701 1.77265 1.71012 1.92785 1.62247 1.67641 1.53763 1.42922
threshold=0.057134371939497337 0.065949807137642882 0.069457363727385105 1.0000000180025095e-35 0.0255253879621983 0.067415730337078636 0.034879712150562257 0.013257522763930864 -0.013527143608736367 0.031618917639749854 0.017866613717972931 0.01118394802548184 0.96067415730337091 51.68539325842697
decision_type=2 2 2 2 2 2 2 2 2 2 2 2 2 2
left_child=1 2 10 -2 12 7 8 -6 9 -3 -1 -12 -4 -10
right_child=3 6 4 -5 5 -7 -8 -9 13 -11 11 -13 -14 -15
leaf_value=-0.01773283571690051 -0.0068095727764433114 0.028912283233187726 -0.001875325183675936 0.029335422596915347 0.02796217547805907 -0.016629665801963938 -0.022948223944527571 -0.0095845935948295075 0.0089353793540197703 -0.030097482912545905 0.0062985255120108184 -0.021272985784279164 -0.045038111387540852 -0.015893382784131736
leaf_weight=43.442425717134029 5.4276109677739468 14.085724688600745 93.713755773380399 12.013935169670729 15.1016524611041 4.6568719306960693 3.4326643655076614 3.3746931599453083 30.760576453525573 0.71985697001218873 18.137916032690558 6.7513489122502497 1.1138021666556586 6.1376539245247832
leaf_count=2760 82 187 4077 174 262 119 51 83 585 16 465 226 25 158
internal_value=-1.49961e-10 -0.00139422 -0.0042235 0.0183282 0.000348139 0.0130209 0.00807013 0.0209643 0.0105258 0.0243205 -0.0120067 -0.00171321 -0.002847 0.00449497
internal_weight=258.87 241.429 186.292 17.4415 117.961 23.1332 55.1365 18.4763 51.7038 14.8056 68.3317 24.8893 94.8276 36.8982
internal_count=9270 9014 8017 256 4566 464 997 345 946 203 3451 691 4102 743
is_linear=0
shrinkage=0.05


Tree=35
num_leaves=15
num_cat=0
split_feature=18 6 14 8 19 18 0 12 7 7 17 7 4 4
split_gain=2.54516 2.85659 3.05397 2.45227 2.36533 2.26233 1.81354 1.79103 1.74513 2.01166 1.97119 2.07911 1.73684 2.19585
threshold=69.416360793859226 0.016852226795750786 0.022566823884922465 0.91118383189614149 89.325842696629223 67.437036319044154 0.0080248300557738145 0.33146067415730346 0.083920807204771922 0.052196525168809134 0.027782033097717335 0.048663894647181856 0.043616316971912601 -0.14183806452579614
decision_type=2 2 2 2 2 2 2 2 2 2 2 2 2 2
left_child=1 -1 5 7 -5 12 -4 8 9 10 -2 -12 13 -3
right_child=3 2 6 4 -6 -7 -8 -9 -10 -11 11 -13 -14 -15
leaf_value=-0.0097510809212770205 0.023277112491885906 0.025788497453051059 -0.037307794100583505 0.014990297390274153 -0.053600478979994974 -0.034685818624414298 0.0014107559478968718 -0.015940819313552811 0.030347633025105208 -0.0093799621577886419 -0.051006082863953195 0.024273728361371524 0.015282733388600546 -0.0010150548758259929
leaf_weight=80.562943164724857 17.137376152910299 7.5409693703986695 6.326206654775886 1.6113995667546981 1.8905765758827326 2.5532875214703372 5.0305119017139077 4.000527737196534 13.760839594993739 9.5653740172274393 1.1417040792293836 0.81195965781807888 33.476278403773904 71.939224373083562
leaf_count=4808 326 154 269 28 48 55 178 162 260 221 24 7 502 2228
internal_value=2.5839e-10 -0.00244821 0.00222926 0.0100212 -0.02572 0.00471947 -0.021431 0.0132033 0.0162558 0.00869377 0.0177656 -0.0220936 0.00590676 0.00181686
internal_weight=257.349 207.429 126.866 49.9198 3.50198 115.51 11.3567 46.4178 42.4173 28.6564 19.091 1.95366 112.956 79.4802
internal_count=9270 8194 3386 1076 76 2939 447 1000 838 578 357 31 2884 2382
is_linear=0
shrinkage=0.05


Tree=36
num_leaves=15
num_cat=0
split_feature=4 6 17 7 12 12 8 3 4 5 7 16 14 6
split_gain=2.35413 2.30901 2.11131 1.82619 1.71577 2.25996 2.04902 1.66537 2.02098 2.84944 1.5859 1.44658 1.35149 1.34522
threshold=0.15184183401335596 0.025654367550291362 0.037281874540224906 0.035847345449749497 0.067415730337078636 -0.35393258426966284 -0.37804308855269075 0.10312643646079779 0.049113478622310865 0.022145863174027915 0.036710506682013651 0.010165430286453092 -0.035833375522273836 0.023367535763539057
decision_type=2 2 2 2 2 2 2 2 2 2 2 2 2 2
left_child=1 7 3 -3 5 6 -5 8 9 -1 -9 -6 -2 -11
right_child=12 2 -4 4 11 -7 -8 10 -10 13 -12 -13 -14 -15
leaf_value=-0.0096996615374995848 -0.023650409928245058 -0.018707663765892262 -0.029992122721659489 0.035376555744380637 0.016114145127706116 0.029582059887124548 -0.016505343493509874 0.010834172235715516 0.0066443185762279852 0.01100339409604886 -0.048091868724531459 -0.0269648390565237 0.018113660125781833 -0.011602117299407659
leaf_weight=111.31790300086141 1.2651146519929195 3.3845016355626276 2.2222403744235626 1.647009404376149 2.775831268168985 20.122695087920878 5.7914186487905672 1.1744425678625692 41.457948882132769 29.315039834473282 2.8591856919229031 3.1368814269080758 21.705151163972914 7.5260943975299588
leaf_count=6363 25 73 46 17 56 325 114 19 994 646 73 81 263 175
internal_value=-1.48489e-10 -0.0015304 0.00940676 0.0125117 0.0161193 0.0212317 -0.00218674 -0.00377461 -0.00300442 -0.00573078 -0.0321909 -0.00733519 0.0149228 0.00620086
internal_weight=255.701 232.731 39.0806 36.8583 33.4738 27.5611 7.43843 193.651 189.617 148.159 4.03363 5.91271 22.9703 36.8411
internal_count=9270 8982 712 666 593 456 131 8270 8178 7184 92 137 288 821
is_linear=0
shrinkage=0.05


Tree=37
num_leaves=15
num_cat=0
split_feature=21 12 7 8 6 4 7 7 7 12 13 21 9 6
split_gain=2.21007 2.95543 2.88653 2.58677 1.70767 1.71392 1.41008 1.81965 1.32215 1.27838 1.27655 1.21984 1.49419 1.21966
threshold=71.410177035084715 -1.0000000180025095e-35 0.23685386362133112 0.91118383189614149 0.013810499271219847 0.030836507371214354 0.090466399669514322 0.11314092483057044 0.069457363727385105 0.55617977528089901 -0.0076309555893895225 28.455691683816685 -0.10654531472815131 0.020048315987822255
decision_type=2 2 2 2 2 2 2 2 2 2 2 2 2 2
left_child=2 -2 4 6 8 11 10 9 -1 -8 -3 12 -6 -12
right_child=1 3 -4 -5 5 -7 7 -9 -10 -11 13 -13 -14 -15
leaf_value=-0.018021728597912474 0.031524900979941491 0.019020832249526193 0.035149727665848084 -0.039734010709051658 -0.0069368112287003618 0.006594377973703585 0.041264380837708808 0.0011818165948165151 -0.0014187081417778506 -0.018939649030858024 0.0038215587855108752 -0.0090359076666762048 0.012077834155617783 -0.021147810559205206
leaf_weight=28.577960206195712 10.564976543188093 4.8434098390862337 4.0181783642619839 2.3152476521208873 20.51094252243638 52.76650204975158 6.1847958760336033 8.0606262576766294 20.474411112256348 0.42306288704276074 10.178615313023334 58.310420033056289 18.931095130275935 7.9829996395856133
leaf_count=1955 135 115 37 64 707 1042 124 221 1239 22 311 2509 629 160
internal_value=-1.75096e-10 0.00925217 -0.00233142 0.0027422 -0.00325755 -0.000593059 0.00631252 0.0178851 -0.0112584 0.035427 -0.00150404 -0.00450031 0.00226267 -0.00768469
internal_weight=254.143 50.5537 203.59 39.9888 199.571 150.519 37.6735 14.6685 49.0524 6.60786 23.005 97.7525 39.442 18.1616
internal_count=9270 1152 8118 1017 8081 4887 953 367 3194 146 586 3845 1336 471
is_linear=0
shrinkage=0.05


Tree=38
num_leaves=15
num_cat=0
split_feature=21 7 12 8 6 14 18 20 0 7 7 14 16 5
split_gain=2.30218 2.79705 2.43969 2.20879 1.54492 2.03857 2.17421 1.74654 1.41942 1.41198 1.66333 1.2463 1.20307 1.15781
threshold=71.410177035084715 0.23685386362133112 -1.0000000180025095e-35 0.91118383189614149 0.017811304964889935 0.022566823884922465 68.943062440088553 71.910112359550581 0.017725259983513601 0.090466399669514322 0.11314092483057044 -0.0083067958695001876 0.013843728366543498 0.010240910743653011
decision_type=2 2 2 2 2 2 2 2 2 2 2 2 2 2
left_child=1 4 12 9 13 7 8 -6 -7 -4 -11 -12 -2 -1
right_child=2 -3 3 -5 5 6 -8 -9 -10 10 11 -13 -14 -15
leaf_value=-0.015778649708714176 0.040748629758226726 0.033957908607902189 -0.0013336029783643951 -0.037057394346749706 0.0051455916503132153 -0.039773006337218669 0.009325044884168578 -0.018555906727480146 0.0045268375956397369 0.034129401572320514 -0.034792098332276117 0.010085438677740014 0.0049099481560854951 -0.0037894123501032296
leaf_weight=31.575800811406225 6.8859418518841249 4.1670342348515979 22.649852474220097 2.1303128907456985 90.464151579886675 6.9421478523872775 4.7862318679690352 7.515479690860956 2.0954082617536187 7.0128313964232794 0.91119861509650846 7.1568596987053743 3.7632554024457932 55.10432660812512
leaf_count=2298 84 37 586 64 2148 313 129 308 60 146 28 193 51 2825
internal_value=-1.6102e-10 -0.00238856 0.0094434 0.00346793 -0.00331804 0.000573661 -0.0167241 0.00315848 -0.0300741 0.00665375 0.0179868 0.00173917 0.0295925 -0.00828699
internal_weight=253.161 202.651 50.5103 39.8611 198.484 111.803 13.8238 97.9796 9.03756 37.7307 15.0809 8.06806 10.6492 86.6801
internal_count=9270 8118 1152 1017 8081 2958 502 2456 373 953 367 221 135 5123
is_linear=0
shrinkage=0.05


Tree=39
num_leaves=15
num_cat=0
split_feature=21 7 12 17 4 8 17 10 7 5 10 10 14 20
split_gain=2.49977 1.96371 1.93022 1.80774 1.78254 1.69534 1.42033 1.87445 1.73243 1.42667 1.72953 1.67436 1.44733 1.31699
threshold=71.774541410642627 0.21598335597797544 -1.0000000180025095e-35 0.028152445470200231 0.063979069069956665 0.91118383189614149 0.025278917502224368 0.90449438202247201 0.16348374253957551 0.02782991956780689 0.028089887640449441 0.050561797752808994 0.013257522763930864 28.08988764044944
decision_type=2 2 2 2 2 2 2 2 2 2 2 2 2 2
left_child=1 4 -2 -3 6 -4 7 -1 9 11 -11 13 -13 -8
right_child=2 3 5 -5 -6 -7 8 -9 -10 10 -12 12 -14 -15
leaf_value=-0.0063427889368704209 0.028383837141240736 0.04423517668058511 0.0073682968520516106 -0.0089138922370084871 0.0059407909975500231 -0.032082954614764292 -0.0326235138232168 -0.035704659000423161 -0.030423808751759509 0.024901446243838398 -0.021341229675738572 0.037004695632929262 -0.0084792549608905931 0.021749739033481898
leaf_weight=130.56844961643219 10.176143652759491 3.2036321796476832 36.673746597021818 2.1204875400289893 40.466339341364801 1.9508653646334995 1.6620481712743704 4.742721958551555 1.9383371579460789 2.0675372630357733 5.0898653110489249 8.2980103846639377 1.7504633320495475 1.0233981804922221
leaf_count=6694 130 25 926 29 790 64 46 133 66 30 116 140 54 27
internal_value=4.98333e-10 -0.0024525 0.0100428 0.0250047 -0.00331445 0.00461629 -0.00572032 -0.00762632 0.00591059 0.0107381 -0.00656816 0.0202354 0.029031 -0.0116233
internal_weight=251.732 202.931 48.8008 5.32412 197.607 38.6246 157.141 135.311 21.8297 19.8913 7.1574 12.7339 10.0485 2.68545
internal_count=9270 8150 1120 54 8096 990 7306 6827 479 413 146 267 194 73
is_linear=0
shrinkage=0.05


end of trees

feature_importances:
drawdown_20d=67
rank_pct_20d=63
volatility_5d=56
market_return_5d=47
momentum_20d=34
market_volatility_20d=33
volume_change_5d=31
momentum_3d=28
volatility_20d=26
momentum_10d=24
amount_change_5d=24
momentum_1d=21
rule_time_series_score=18
rank_momentum_5d=17
rank_pct_5d=14
market_dispersion_1d=12
market_return_1d=10
momentum_5d=8
rule_rank_momentum_score=8
rule_direction_score=8
rule_cross_section_score=6
market_breadth_1d=5

parameters:
[boosting: gbdt]
[objective: lambdarank]
[metric: ndcg]
[tree_learner: serial]
[device_type: cpu]
[data_sample_strategy: bagging]
[data: ]
[valid: ]
[num_iterations: 40]
[learning_rate: 0.05]
[num_leaves: 15]
[num_threads: 1]
[seed: 20260720]
[deterministic: 1]
[force_col_wise: 1]
[force_row_wise: 0]
[histogram_pool_size: -1]
[max_depth: -1]
[min_data_in_leaf: 2]
[min_sum_hessian_in_leaf: 0.001]
[bagging_fraction: 1]
[pos_bagging_fraction: 1]
[neg_bagging_fraction: 1]
[bagging_freq: 0]
[bagging_seed: 843]
[bagging_by_query: 0]
[feature_fraction: 1]
[feature_fraction_bynode: 1]
[feature_fraction_seed: 57]
[extra_trees: 0]
[extra_seed: 8811]
[early_stopping_round: 0]
[early_stopping_min_delta: 0]
[first_metric_only: 0]
[max_delta_step: 0]
[lambda_l1: 0]
[lambda_l2: 1]
[linear_lambda: 0]
[min_gain_to_split: 0]
[drop_rate: 0.1]
[max_drop: 50]
[skip_drop: 0.5]
[xgboost_dart_mode: 0]
[uniform_drop: 0]
[drop_seed: 21666]
[top_rate: 0.2]
[other_rate: 0.1]
[min_data_per_group: 100]
[max_cat_threshold: 32]
[cat_l2: 10]
[cat_smooth: 10]
[max_cat_to_onehot: 4]
[top_k: 20]
[monotone_constraints: ]
[monotone_constraints_method: basic]
[monotone_penalty: 0]
[feature_contri: ]
[forcedsplits_filename: ]
[refit_decay_rate: 0.9]
[cegb_tradeoff: 1]
[cegb_penalty_split: 0]
[cegb_penalty_feature_lazy: ]
[cegb_penalty_feature_coupled: ]
[path_smooth: 0]
[interaction_constraints: ]
[verbosity: -1]
[saved_feature_importance_type: 0]
[use_quantized_grad: 0]
[num_grad_quant_bins: 4]
[quant_train_renew_leaf: 0]
[stochastic_rounding: 1]
[linear_tree: 0]
[max_bin: 255]
[max_bin_by_feature: ]
[min_data_in_bin: 3]
[bin_construct_sample_cnt: 200000]
[data_random_seed: 4432]
[is_enable_sparse: 1]
[enable_bundle: 1]
[use_missing: 1]
[zero_as_missing: 0]
[feature_pre_filter: 1]
[pre_partition: 0]
[two_round: 0]
[header: 0]
[label_column: ]
[weight_column: ]
[group_column: ]
[ignore_column: ]
[categorical_feature: ]
[forcedbins_filename: ]
[precise_float_parser: 0]
[parser_config_file: ]
[objective_seed: 7759]
[num_class: 1]
[is_unbalance: 0]
[scale_pos_weight: 1]
[sigmoid: 1]
[boost_from_average: 1]
[reg_sqrt: 0]
[alpha: 0.9]
[fair_c: 1]
[poisson_max_delta_step: 0.7]
[tweedie_variance_power: 1.5]
[lambdarank_truncation_level: 30]
[lambdarank_norm: 1]
[label_gain: 0,1,3,7,15]
[lambdarank_position_bias_regularization: 0]
[eval_at: 1,2,3,4,5]
[multi_error_top_k: 1]
[auc_mu_weights: ]
[num_machines: 1]
[local_listen_port: 12400]
[time_out: 120]
[machine_list_filename: ]
[machines: ]
[gpu_platform_id: -1]
[gpu_device_id: -1]
[gpu_use_dp: 0]
[num_gpu: 1]

end of parameters

pandas_categorical:null
