tree
version=v4
num_class=1
num_tree_per_iteration=1
label_index=0
max_feature_idx=21
objective=lambdarank
feature_names=momentum_1d momentum_3d momentum_5d momentum_10d momentum_20d volatility_5d volatility_20d drawdown_20d volume_change_5d amount_change_5d rank_pct_5d rank_pct_20d rank_momentum_5d market_return_1d market_return_5d market_breadth_1d market_dispersion_1d market_volatility_20d rule_time_series_score rule_cross_section_score rule_rank_momentum_score rule_direction_score
feature_infos=[-0.10813718513007242:0.12229216739576731] [-0.18234825421959322:0.27465397817296533] [-0.25743860440229616:0.28092117351019485] [-0.27022648853672249:0.40351170424303073] [-0.28062547585271636:0.58906651566951895] [0.0012453562741035964:0.088373331352552278] [0.0039238631080082331:0.060188323905258592] [0.0043877162311911633:0.28987731592235633] [-0.70556637982934856:5.1127031970119425] [-0.70850366100994711:4.4775219112457263] [0:1] [0:1] [-1:0.97752808988764039] [-0.049585464134470299:0.036012358476607553] [-0.10116671736988472:0.054726216916397064] [0.022222222222222223:0.98888888888888893] [0.0079151013248990945:0.029086357152055337] [0.0039238631080082331:0.060188323905258592] [0:100] [0:100] [0:100] [0:100]
tree_sizes=1754 1740 1735 1747 1740 1743 1734 1746 1737 1739 1738 1738 1732 1744 1737 1744 1744 1738 1742 1762 1742 1750 1735 1736 1723 1735 1735 1746 1743 1732 1736 1749 1738 1748 1754 1739 1750 1747 1742 1737

Tree=0
num_leaves=15
num_cat=0
split_feature=11 7 3 6 14 11 5 7 6 8 10 16 14 4
split_gain=22.13 5.76484 3.69143 3.25643 2.98414 2.81393 2.80144 2.53044 2.38192 1.73605 1.66851 1.55371 1.34745 1.48187
threshold=0.76966292134831471 0.066272481937293917 0.02204332624525818 0.01795951711192775 -0.043531449693776002 0.26404494382022475 0.015711013352119722 0.055319768755990768 0.018085479063104159 0.68009578053867403 0.23033707865168543 0.01075488178717931 0.013257522763930864 0.010877816846936674
decision_type=2 2 2 2 2 2 2 2 2 2 2 2 2 2
left_child=1 5 3 -2 -4 -1 8 12 -3 10 -6 -5 13 -7
right_child=2 6 4 11 9 7 -8 -9 -10 -11 -12 -13 -14 -15
leaf_value=-0.04498062473094197 -0.019158567474573673 -0.0035706925525507438 -0.031218903867239481 -0.011791955197161683 -0.0051497945684693368 0.0029351613510523525 0.0052484907473494798 -0.034076514323705689 -0.027809033186894195 0.0014362026186791215 0.048076586083538604 0.028755893506764291 0.0051286652394156706 -0.027436069653810985
leaf_weight=10.854793191421775 5.6174835921265212 31.66358625004068 0.77575071016326802 2.2523539797402909 1.3644325947389067 6.0519755198620322 52.6470892210491 12.645001898985354 14.163870834279804 2.5257748565636566 25.649705506395549 13.464201553724704 11.878869786392896 9.9803317091427726
leaf_count=598 330 1772 40 121 70 262 2219 546 641 117 946 539 579 490
internal_value=3.06241e-10 -0.00973901 0.0279104 0.0112294 0.0389159 -0.0231386 -0.00258114 -0.0163509 -0.0114959 0.0417196 0.0453004 0.0225872 -0.00741952 -0.0164721
internal_weight=201.535 149.886 51.6497 21.334 30.3157 51.411 98.4745 40.5562 45.8275 29.5399 27.0141 15.7166 27.9112 16.0323
internal_count=9270 7107 2163 990 1173 2475 4632 1877 2413 1133 1016 660 1331 752
is_linear=0
shrinkage=0.05


Tree=1
num_leaves=15
num_cat=0
split_feature=6 11 11 7 11 5 5 8 11 6 10 6 7 7
split_gain=67.8109 25.4218 13.1405 10.885 11.1285 8.51361 7.2933 5.29377 8.39679 5.47757 8.33204 7.12904 5.55911 5.35251
threshold=0.017817768502999289 0.75842696629213491 0.94943820224719111 0.049942202885870431 0.96067415730337091 0.016545911580750378 0.015017599558670451 0.41918664732613414 0.93820224719101131 0.025614282555239589 0.30898876404494385 0.02107577072921971 0.083797876578534672 0.077191247804854882
decision_type=2 2 2 2 2 2 2 2 2 2 2 2 2 2
left_child=2 5 6 4 -3 -2 -1 9 -9 11 -11 13 -12 -5
right_child=1 3 -4 7 -6 -7 -8 8 -10 10 12 -13 -14 -15
leaf_value=-0.034044428679799711 -0.032715367078377064 0.013687964257986046 0.040037428171037469 0.044314823638681472 0.064459052728497127 0.0023851471922974057 -0.010976973567102576 0.019183240362752658 -0.048275205951311684 -0.0099627190646162725 0.014467046140665202 -0.00092852396616963789 0.055349483695801241 -0.0020590359969066027
leaf_weight=117.65314528066665 21.16584459412843 17.545984307304025 6.7200999753549686 20.834928298369054 30.056914164684713 77.778745409101248 49.973542022518814 11.221609107218685 6.433685900643467 8.3183415662497264 12.674605953507124 40.018290181644261 29.371598268859088 8.5819394597783667
leaf_count=3892 962 144 64 153 128 1544 1246 123 77 128 92 424 180 113
internal_value=2.63909e-10 0.0150522 -0.0244654 0.0259445 0.046412 -0.00537563 -0.0272733 0.0185723 -0.00666903 0.0223166 0.034772 0.0129168 0.0436481 0.031163
internal_weight=458.349 284.002 174.347 185.058 47.6029 98.9446 167.627 137.455 17.6553 119.8 50.3645 69.4352 42.0462 29.4169
internal_count=9270 4068 5202 1562 272 2506 5138 1290 200 1090 400 690 272 266
is_linear=0
shrinkage=0.05


Tree=2
num_leaves=15
num_cat=0
split_feature=11 5 4 5 7 9 3 14 11 15 10 15 3 3
split_gain=79.7849 25.7288 10.2569 7.89241 6.23277 5.76639 7.60152 6.95459 5.50013 4.51724 4.31661 3.85329 3.75022 4.13836
threshold=0.76966292134831471 0.015090917995118362 0.16706649897786965 0.017228701740306458 0.14570192579227773 0.2215229431794549 0.17060225697883682 -0.035833375522273836 0.89325842696629221 0.16111111111111112 0.039325842696629219 0.90555555555555567 -0.048171088577467595 -0.076049510127061834
decision_type=2 2 2 2 2 2 2 2 2 2 2 2 2 2
left_child=1 -1 3 -2 8 7 11 -4 -5 -10 -11 -7 13 -3
right_child=2 12 5 4 -6 6 -8 -9 9 10 -12 -13 -14 -15
leaf_value=-0.038924098346861981 0.0032201391458450872 -0.0098444487609892009 -0.023790371080467675 0.013936520923903392 -0.036815199283276312 0.04343412006216061 -0.051129224472577388 0.062620730250398535 0.0081777769593288623 -0.03268191567197367 0.050392521947697826 -0.038819460436555854 -0.012972226029858742 0.016983112766474222
leaf_weight=101.27690463047475 61.759609374217689 25.700145761482418 2.0214977562427547 36.501053584739566 2.9132811035960904 9.5682853125035727 2.4673243276774874 28.407420312985778 9.5052005546167475 0.97895939648151298 37.82162701850757 0.85733387200161892 62.588499474339187 30.282956254668534
leaf_count=4334 941 578 16 479 39 58 22 149 100 18 334 7 1545 650
internal_value=-2.64762e-10 -0.0205457 0.0234131 0.0170004 0.0265568 0.0446568 0.0150898 0.0563058 0.0291374 0.0401079 0.047528 0.0338646 -0.0046537 0.00471076
internal_weight=412.65 219.849 192.802 149.48 87.7201 43.3219 12.8929 30.4289 84.8068 48.3058 38.8006 10.4256 118.572 55.9831
internal_count=9270 7107 2163 1911 970 252 87 165 931 452 352 65 2773 1228
is_linear=0
shrinkage=0.05


Tree=3
num_leaves=15
num_cat=0
split_feature=11 5 4 15 5 6 3 5 12 2 7 8 16 21
split_gain=72.6176 23.4077 16.7212 6.91315 7.62243 4.80186 4.77934 4.66956 4.18056 4.92651 3.88025 4.71769 3.55694 3.37635
threshold=0.78089887640449451 0.015090917995118362 0.16706649897786965 0.9833333333333335 0.017228701740306458 0.027425769178128345 -0.048171088577467595 0.046177153296566818 1.0000000180025095e-35 -0.019082322983991536 0.097465840674084273 0.034928769710399717 0.012974737472042147 71.477228160776761
decision_type=2 2 2 2 2 2 2 2 2 2 2 2 2 2
left_child=1 -1 3 4 -2 10 -3 -7 9 -4 11 -6 -12 -8
right_child=2 6 8 -5 5 7 13 -9 -10 -11 12 -13 -14 -15
leaf_value=-0.038920504249348876 0.00079093938886627994 0.0050644198523683613 -0.0038247917087742816 -0.058365546887166608 0.036355714772185369 0.048344318549005338 -0.021753127670468886 -0.042365176560914569 0.0099772730269871521 0.061353056435480662 0.015608786147277693 0.0060254879166238701 -0.037740455415168767 0.0078257330756491689
leaf_weight=92.501203655265272 52.797891343012452 57.336564009077847 3.0395723581314078 2.2526078540831795 27.896635860204697 22.86855182424188 43.283307801932096 0.76436702534556289 6.2383984876796594 33.710324504412711 5.894672825932501 23.892192292027175 4.8128406554460526 11.773864145390688
leaf_count=4384 874 1243 34 39 298 182 1306 13 47 171 70 269 63 277
internal_value=4.54607e-10 -0.0204328 0.0227199 0.014212 0.0157975 0.0248819 -0.00500817 0.0438097 0.0497031 0.0560037 0.0171472 0.0227424 -0.00954616 -0.015401
internal_weight=389.063 204.895 184.168 141.18 138.927 86.1293 112.394 23.6329 42.9883 36.7499 62.4963 51.7888 10.7075 55.0572
internal_count=9270 7210 2060 1808 1769 895 2826 195 252 205 700 567 133 1583
is_linear=0
shrinkage=0.05


Tree=4
num_leaves=15
num_cat=0
split_feature=11 5 4 6 12 9 3 14 4 20 9 6 3 6
split_gain=59.8325 16.9506 9.81132 6.80573 7.83114 6.03785 4.11749 4.06378 3.986 5.63695 3.93549 3.67056 3.43997 3.74595
threshold=0.79213483146067432 0.015090917995118362 0.16706649897786965 0.025614282555239589 -0.48876404494382014 0.68635594968734559 -0.048171088577467595 -0.035833375522273836 0.049612904056594138 29.775280898876407 0.49126719156595361 0.01795951711192775 -0.076049510127061834 0.018452186990712421
decision_type=2 2 2 2 2 2 2 2 2 2 2 2 2 2
left_child=1 -1 3 8 -5 -6 12 -4 11 -10 -9 -2 -3 -14
right_child=2 6 7 4 5 -7 -8 10 9 -11 -12 -13 13 -15
leaf_value=-0.034961899668764784 -0.036190416028197565 -0.012719340004602141 -0.018089434712973314 -0.016184490468660748 0.04601900137447458 -0.018648229674790903 -0.015783561162045552 0.050416340995042268 0.036723722455458817 0.0026939193763176514 -0.0071555101839732519 0.0019095983198404638 -0.007325645934377129 0.024174267799001361
leaf_weight=88.13915505958721 6.9380621230229726 20.418121502734721 2.126314014196395 7.0018983157351604 33.184913756325841 3.4960543187335125 51.18866747058928 36.295081218704581 18.414301179349422 33.080393433570862 2.9735557232052079 30.611163359135389 14.702158265747128 23.600170395337045
leaf_count=4431 213 589 23 105 228 46 1632 195 214 479 34 420 310 351
internal_value=2.99993e-10 -0.018754 0.0213164 0.0144897 0.0304324 0.0395243 -0.00555847 0.0423469 0.00641751 0.0153306 0.0459874 -0.00588643 0.00347014 0.0122044
internal_weight=372.17 198.048 174.122 132.727 43.6829 36.681 109.909 41.395 89.0439 51.4947 39.2686 37.5492 58.7205 38.3023
internal_count=9270 7313 1957 1705 379 274 2882 252 1326 693 229 633 1250 661
is_linear=0
shrinkage=0.05


Tree=5
num_leaves=15
num_cat=0
split_feature=11 5 4 5 3 1 4 9 14 11 0 3 3 6
split_gain=54.4941 16.0312 9.20099 5.50705 3.68219 3.47124 3.43859 3.01756 3.21907 3.47447 3.17671 3.50067 2.82847 4.15228
threshold=0.79213483146067432 0.015090917995118362 0.16706649897786965 0.017228701740306458 -0.048171088577467595 -0.062741987266042562 0.044910881750625971 0.87616959632502789 -0.043531449693776002 0.89325842696629221 -0.019245288468707041 0.010297955166162278 -0.075202986840206751 0.018452186990712421
decision_type=2 2 2 2 2 2 2 2 2 2 2 2 2 2
left_child=1 -1 3 6 12 -5 -2 8 10 -10 11 -7 -3 -14
right_child=2 4 -4 5 -6 7 -8 -9 9 -11 -12 -13 13 -15
leaf_value=-0.034154231074679867 -0.017612808810277488 -0.011967340011388368 0.041838358739188522 -0.027514416156597912 -0.015261797212917545 0.050936765951268649 0.010392225672822712 -0.017107339390601693 0.012996673461495143 0.037050553656891028 -0.040742181243131233 -0.041463570123852017 -0.011675821286904515 0.021696422247268449
leaf_weight=84.836828453466296 16.272091648541391 19.803842855617404 39.302652123384178 2.6278808107599607 48.586987948045135 2.156479120254517 28.997672908008099 3.6250062286853781 24.503852336667478 45.229066904634237 2.7571509750559917 0.64228145591914643 13.228580759838222 26.880011545494199
leaf_count=4431 340 605 252 34 1632 12 476 62 349 369 56 7 301 344
internal_value=1.51574e-10 -0.0180032 0.0209359 0.0141809 -0.00517799 0.0218671 0.000162796 0.0238353 0.026005 0.0289014 -0.00921131 0.024399 0.00311594 0.0106733
internal_weight=359.45 193.336 166.114 126.811 108.499 81.5417 45.2698 78.9138 75.2888 69.7329 5.55591 2.79876 59.9124 40.1086
internal_count=9270 7313 1957 1705 2882 889 816 855 793 718 75 19 1250 645
is_linear=0
shrinkage=0.05


Tree=6
num_leaves=15
num_cat=0
split_feature=11 5 4 5 14 8 3 2 21 14 7 8 21 4
split_gain=43.3098 13.9058 6.39467 5.586 4.45627 3.79182 3.23197 2.69434 2.68647 2.5934 2.82757 3.05529 2.49944 3.29444
threshold=0.79213483146067432 0.015090917995118362 0.16706649897786965 0.018971034358525953 -0.035833375522273836 0.31376516151077433 -0.048171088577467595 -0.019082322983991536 71.220144374411277 -0.043531449693776002 0.14570192579227773 0.3559451025357922 73.964352513313443 0.063794651734372945
decision_type=2 2 2 2 2 2 2 2 2 2 2 2 2 2
left_child=1 -1 3 -2 -4 7 -3 -6 -8 -5 11 12 13 -11
right_child=2 6 4 9 5 -7 8 -9 -10 10 -12 -13 -14 -15
leaf_value=-0.031521579854947308 0.0010019685855744262 0.0035397408355242691 -0.025965396525207754 -0.011471332466647246 -0.0037058978350809572 -0.0031073962567190207 -0.020643696437059371 0.049812778322767232 0.0063834656041679627 0.010696475605548357 -0.031883698900388016 0.00060391104882006827 0.05464243977756366 0.038889992607848631
leaf_weight=82.163704195059836 53.352193320170045 59.523894329089671 2.0508924638852468 4.635267437901347 2.3962780050933352 4.3167750034481278 35.140240298118442 30.702366847544909 11.799371527507899 21.292945555411279 1.3043955508619536 9.3843361604958755 9.4615622945129854 21.319462036713958
leaf_count=4431 952 1250 23 77 25 46 1338 158 294 258 25 140 73 180
internal_value=5.25728e-10 -0.016198 0.0190525 0.0131476 0.0363477 0.0403503 -0.00418863 0.0459431 -0.0138583 0.0226068 0.025264 0.026968 0.0316182 0.0253703
internal_weight=348.844 188.627 160.216 120.75 39.4663 37.4154 106.464 33.0986 46.9396 67.398 62.7627 61.4583 52.074 42.6124
internal_count=9270 7313 1957 1705 252 229 2882 183 1632 753 676 651 511 438
is_linear=0
shrinkage=0.05


Tree=7
num_leaves=15
num_cat=0
split_feature=11 5 4 6 10 7 10 5 7 6 13 7 7 3
split_gain=38.6658 11.5713 6.41861 5.53273 4.65266 4.5163 3.50974 2.74069 4.40934 4.05899 2.93932 2.65192 2.93962 2.52696
threshold=0.79213483146067432 0.016545911580750378 0.16706649897786965 0.025614282555239589 0.039325842696629219 0.092936800700336678 0.67977528089887651 0.023707031038974934 0.047479250697007765 0.025253299408496736 0.014361166485571319 0.068004487455105081 0.07760537268537189 -0.048171088577467595
decision_type=2 2 2 2 2 2 2 2 2 2 2 2 2 2
left_child=1 -1 3 5 -5 6 -2 10 -9 -10 -4 -8 -13 -3
right_child=2 13 7 4 -6 -7 11 8 9 -11 -12 12 -14 -15
leaf_value=-0.027589420856561787 0.022609779259472985 0.0043814894529356956 0.053281244955523936 -0.038792617310529326 0.031577082810523342 -0.025845259510429205 -0.0082313247158693689 -0.038911224667859574 -0.036428240887037111 0.036741436416022864 -0.033311911327559833 0.034237960552539297 -0.010998506173304595 -0.012464348966535022
leaf_weight=94.587579602841288 28.134078816045076 53.157217598520219 17.918646948412064 1.6748119015246619 37.120427196845412 9.558107727672903 29.580685729160905 1.8473844267427946 1.3335946658626223 15.692818302661179 0.38964200019836326 8.5246237730607373 5.1405586139298967 36.865531131625175
leaf_count=4946 400 1063 121 37 342 196 522 14 12 101 4 110 98 1304
internal_value=-3.88644e-10 -0.0154727 0.0181862 0.0123632 0.0276407 0.00479246 0.0091954 0.0361225 0.0210083 0.0293075 0.0498085 0.000154753 0.0176313 -0.00257826
internal_weight=341.526 184.61 156.915 119.733 38.7952 80.9381 71.3799 37.1821 18.8738 17.0264 18.3083 43.2459 13.6652 90.0227
internal_count=9270 7313 1957 1705 379 1326 1130 252 127 113 125 730 208 2367
is_linear=0
shrinkage=0.05


Tree=8
num_leaves=15
num_cat=0
split_feature=11 5 14 11 3 5 3 1 8 3 2 7 0 14
split_gain=35.4528 9.62883 5.3072 6.0981 4.94405 3.93247 3.40757 3.39756 3.42348 2.93283 2.78367 3.68702 2.78114 2.4863
threshold=0.79213483146067432 0.016545911580750378 -0.043531449693776002 0.89325842696629221 0.0069019702430889182 0.011424331283871535 0.10581963769606585 -0.060135989332393107 0.38618836064598011 -0.023391371902946208 0.057296835900012895 0.026573269114125945 -0.020640061702851983 0.011607665470346052
decision_type=2 2 2 2 2 2 2 2 2 2 2 2 2 2
left_child=1 -1 4 6 12 -5 9 -7 10 -4 11 -9 -2 -3
right_child=2 13 3 5 -6 7 -8 8 -10 -11 -12 -13 -14 -15
leaf_value=-0.026264883157809796 0.036382171457855585 0.0011726601595392989 -0.016766207319105931 -0.01037225746416913 -0.061227627088205977 -0.024072481557806669 -0.048024401598347907 -0.032610849728568557 0.0036039193122385615 0.014269743106520169 0.04991556484205803 0.030102569715964606 -0.025227539651781757 -0.018918335541077056
leaf_weight=91.691969687584788 3.136513190343976 70.393911818508059 8.654706613160668 6.1664683893322936 3.0473726019263268 2.1926715653389683 1.8824226483702649 1.6549026854336251 10.389454156160353 36.511471268720925 22.146293075755239 55.858186823315918 2.3633385733701271 18.674571735784411
leaf_count=4946 36 1824 196 110 54 31 28 21 158 631 155 475 62 543
internal_value=-1.35022e-10 -0.0149814 0.0175675 0.0198366 -0.0190804 0.0268612 0.00489046 0.0294349 0.0309878 0.00808831 0.0344704 0.0277715 0.0100997 -0.003203
internal_weight=334.764 180.76 154.004 145.457 8.54722 98.408 47.0486 92.2415 90.0488 45.1662 79.6594 57.5131 5.49985 89.0685
internal_count=9270 7313 1957 1805 152 950 855 840 809 827 651 496 98 2367
is_linear=0
shrinkage=0.05


Tree=9
num_leaves=15
num_cat=0
split_feature=11 5 4 5 14 9 3 9 14 21 9 7 10 3
split_gain=32.5329 9.10588 5.58073 5.20688 3.54393 2.69887 2.94043 2.58838 2.38344 2.41252 3.19525 2.53836 2.31119 2.30444
threshold=0.79213483146067432 0.016545911580750378 0.16706649897786965 0.019066004270153411 -0.035833375522273836 0.21261674774859121 0.17060225697883682 0.87616959632502789 0.011607665470346052 36.733849268484768 -0.12482279169842457 0.086213519365932759 0.039325842696629219 0.036041673968065575
decision_type=2 2 2 2 2 2 2 2 2 2 2 2 2 2
left_child=1 -1 3 13 -4 -6 -7 12 9 10 -3 -12 -5 -2
right_child=2 8 4 7 5 6 -8 -9 -10 -11 11 -13 -14 -15
leaf_value=-0.02546070428450839 -0.010939101096765297 -0.0039512155463244094 -0.023867446482765134 -0.026306734941836336 0.046142381010961631 0.025934865939420449 -0.036477098802975505 -0.018207055358409052 -0.018867756347588759 -0.0079541625835932699 -0.018463509414289377 0.032450237052124527 0.024910880112297442 0.010096125662863767
leaf_weight=89.943054262083024 25.241410137619823 19.146759341470897 1.8175158821977664 1.504591061733662 25.029669255018234 6.776502098888157 1.5472341850399969 3.2918536514043799 17.733490226790309 35.823711184319109 2.2239598911255625 14.874844601377843 59.752389048226178 24.843881662003696
leaf_count=4946 541 465 23 33 147 63 19 60 543 998 75 286 652 419
internal_value=1.91742e-10 -0.0143064 0.0171468 0.0116162 0.0343533 0.0381283 0.0116656 0.0208908 -0.00297731 0.00113743 0.0100955 0.0251739 0.0232505 -0.000511583
internal_weight=329.551 179.746 149.805 114.634 35.1709 33.3534 8.32374 64.5488 89.8028 72.0693 36.2456 17.0988 61.257 50.0853
internal_count=9270 7313 1957 1705 252 229 82 745 2367 1824 826 361 685 960
is_linear=0
shrinkage=0.05


Tree=10
num_leaves=15
num_cat=0
split_feature=11 5 4 5 4 13 9 21 12 15 3 3 11 14
split_gain=27.5299 8.98742 5.89666 4.36399 2.88421 2.66304 2.52882 4.55964 2.73658 2.24174 3.71322 2.75344 2.39509 2.18755
threshold=0.79213483146067432 0.01786779921613612 0.16706649897786965 0.017144584946818097 0.044910881750625971 0.018224333734519798 -0.12230502496215338 38.208503565973949 0.12921348314606745 0.16111111111111112 0.040273808831627241 -0.019063295799680798 0.89325842696629221 -0.04312310034346753
decision_type=2 2 2 2 2 2 2 2 2 2 2 2 2 2
left_child=1 -1 3 4 -2 9 -3 8 -8 10 11 -5 -11 -4
right_child=2 6 13 5 -6 -7 7 -9 -10 12 -12 -13 -14 -15
leaf_value=-0.02276577569935552 -0.020393624043908092 -0.012210321025241165 -0.031943319050434703 -0.010943999212846341 0.0069926395630617935 -0.021188918488015036 0.030214534271976436 -0.0061874408099175382 -0.028264994360886406 0.0088276133496092823 -0.032929942271280488 0.034522974447325487 0.031632129106350174 0.035753103149305701
leaf_weight=102.9927805296611 14.256197149865327 25.629127971827984 0.49922046158462663 4.8908390523865828 25.092178802005947 3.4718063911423078 18.226892242673788 27.363740126602352 1.4478368638083328 18.161878512240946 4.2004512157291165 7.3785524708218881 36.034144515171647 33.501776795834303
leaf_count=5376 339 728 10 76 473 77 323 853 33 292 61 60 327 242
internal_value=-3.1622e-11 -0.0133385 0.0158693 0.0102259 -0.00318912 0.0172936 0.0001506 0.00699948 0.0247521 0.0194535 0.00306429 0.01694 0.0242884 0.0338749
internal_weight=323.147 175.66 147.487 113.486 39.3484 74.1377 72.6676 47.0385 19.6747 70.6659 16.4698 12.2694 54.196 34.001
internal_count=9270 7313 1957 1705 812 893 1937 1209 356 816 197 136 619 252
is_linear=0
shrinkage=0.05


Tree=11
num_leaves=15
num_cat=0
split_feature=11 5 4 6 12 7 6 3 11 3 9 3 2 8
split_gain=23.1696 7.92181 4.71703 3.70719 4.49696 3.96144 2.61589 3.44571 2.82937 2.59696 2.37096 3.34568 2.86376 2.29005
threshold=0.79213483146067432 0.016545911580750378 0.16706649897786965 0.025614282555239589 -0.48876404494382014 0.097465840674084273 0.017342025016155341 0.10189132635698729 0.97191011235955072 0.0266554237431933 0.21261674774859121 0.17060225697883682 -0.019082322983991536 -0.2584474365362685
decision_type=2 2 2 2 2 2 2 2 2 2 2 2 2 2
left_child=1 -1 3 5 13 6 9 8 -8 -2 12 -12 -4 -5
right_child=2 -3 10 4 -6 -7 7 -9 -10 -11 11 -13 -14 -15
leaf_value=-0.02280158232136268 -0.026669835426114615 -0.0014303782265155506 -0.0060107905064070502 0.014735460941829818 0.030166808959028558 -0.032408186810163213 0.019212904817370383 -0.031609034438910111 -0.032900492288026176 0.0082806352605837748 0.022749088203254466 -0.042816961918944386 0.044315532570554567 -0.040176492280119935
leaf_weight=87.528349078726023 9.072343931533398 85.270246973261237 2.9664209559559849 2.8271667938679457 30.240885587409139 6.1304436763748518 44.222073317505419 3.1344339717179528 1.8737019263207901 10.504122976213692 6.7244594441726786 1.6181764900684354 22.173697242513299 3.0508115617558351
leaf_count=4946 261 2367 33 43 274 156 617 66 24 202 66 24 129 62
internal_value=2.67527e-10 -0.0123245 0.0147176 0.00959565 0.0225245 0.00314951 0.00673645 0.0128133 0.016441 -0.00842547 0.0309353 0.00680986 0.0383745 -0.0154627
internal_weight=317.337 172.799 144.539 111.056 36.1189 74.9371 68.8067 49.2302 46.0958 19.5765 33.4828 8.34264 25.1401 5.87798
internal_count=9270 7313 1957 1705 379 1326 1170 707 641 463 252 90 162 105
is_linear=0
shrinkage=0.05


Tree=12
num_leaves=15
num_cat=0
split_feature=11 5 4 9 21 6 7 7 9 21 3 14 6 10
split_gain=20.6096 7.03972 4.85335 2.93769 3.49386 2.87755 3.11376 3.03897 2.25423 2.6404 3.62786 3.4547 2.01355 1.98154
threshold=0.79213483146067432 0.01786779921613612 0.16706649897786965 -0.12230502496215338 35.70923654992724 0.025614282555239589 0.097465840674084273 0.15392114634640039 0.71848089997425613 58.895472742509533 0.033588562623147585 -0.009013994952009859 0.011961586361938328 0.8370786516853933
decision_type=2 2 2 2 2 2 2 2 2 2 2 2 2 2
left_child=1 -1 5 -3 -5 6 12 8 9 10 11 13 -2 -7
right_child=2 3 -4 4 -6 7 -8 -9 -10 -11 -12 -13 -14 -15
leaf_value=-0.020161901071107671 -0.032062720900650279 -0.013872178004487756 0.031041288762607505 0.023506750983212046 -0.0033115542295897929 0.04903715978491896 -0.030190189355842684 -0.039818222702366457 -0.016566096494762612 0.038926939258972885 -0.029827706647359356 -0.015716070703797474 0.0080573750621047418 -0.019079681286505799
leaf_weight=99.178055560216308 2.3101338460110119 23.855200551450253 31.921317419037223 18.816548711620271 30.834045977331698 6.6690072966739491 5.4367961687967172 1.1288259178400029 2.6193144135177127 18.385715061798692 3.40992647409439 3.2982790656387833 64.565642233937979 0.70089529827237118
leaf_count=5376 73 728 252 313 896 53 156 29 42 145 44 58 1097 8
internal_value=3.6291e-10 -0.0115392 0.0141692 0.00020947 0.00711546 0.00896834 0.00310761 0.0202738 0.0232572 0.0268693 0.00958501 0.0236594 0.00621952 0.0410535
internal_weight=313.13 172.684 140.446 73.5058 49.6506 108.525 72.3126 36.212 35.0831 32.4638 14.0781 10.6682 66.8758 7.3699
internal_count=9270 7313 1957 1937 1209 1705 1326 379 350 308 163 119 1170 61
is_linear=0
shrinkage=0.05


Tree=13
num_leaves=15
num_cat=0
split_feature=11 5 14 1 11 8 13 6 7 3 6 6 8 5
split_gain=18.399 7.43444 5.49965 3.65045 3.23258 3.17804 2.98965 2.42022 2.39256 2.28022 2.32279 2.34652 2.28015 2.19082
threshold=0.8370786516853933 0.016545911580750378 -0.043531449693776002 -0.060135989332393107 0.97191011235955072 0.41918664732613414 -0.025805871524601877 0.019963903022355154 0.23411600798910373 -0.093979606306701421 0.01795951711192775 0.019489293854912489 0.17975703173383331 0.019066004270153411
decision_type=2 2 2 2 2 2 2 2 2 2 2 2 2 2
left_child=1 -1 6 -4 7 -6 -2 -5 9 -3 -11 -12 13 -9
right_child=2 8 3 4 5 -7 -8 12 -10 10 11 -13 -14 -15
leaf_value=-0.019549944386940882 0.015980517324608558 -0.022499142188798539 -0.032460598779605755 0.00076008712427978536 0.036897292341176897 -0.011756405771039971 -0.051410587760704 0.0073329536751608783 0.044256871054743713 -0.011750895133967137 0.026011908601239638 0.0017435870963347323 0.0027132980302904757 0.034406459440877328
leaf_weight=94.080376108642668 1.9407535158097742 10.092601918149738 2.638840675354003 25.798871186561882 30.795480277389288 3.2862457586452356 3.711062933318316 11.500520704314111 1.9866639953106631 22.599428718909621 11.536246309988199 49.305101937614381 14.731592276133595 24.447191500104964
leaf_count=5184 30 279 48 472 211 53 90 188 29 771 249 1213 223 230
internal_value=-5.72492e-11 -0.00965224 0.0153501 0.0178192 0.0192994 0.0320046 -0.0293459 0.0132975 0.000197834 -0.00119625 0.00161638 0.00669136 0.0195416 0.0261779
internal_weight=308.451 189.6 118.851 113.199 110.56 34.0817 5.65182 76.4782 95.52 93.5334 83.4408 60.8413 50.6793 35.9477
internal_count=9270 7725 1545 1425 1377 264 120 1113 2541 2512 2233 1462 641 418
is_linear=0
shrinkage=0.05


Tree=14
num_leaves=15
num_cat=0
split_feature=11 5 11 9 10 7 5 3 3 6 5 3 4 10
split_gain=16.7769 5.74062 3.43092 2.90289 2.90208 2.67191 2.57252 2.51 2.70068 2.27868 2.61442 3.42864 2.01002 2.0048
threshold=0.79213483146067432 0.016545911580750378 0.98314606741573041 0.47912478258504648 0.14044943820224723 0.23411600798910373 0.016545911580750378 -0.093979606306701421 -0.048171088577467595 0.017342025016155341 0.034822836431848934 0.027372389651667665 0.044910881750625971 0.039325842696629219
decision_type=2 2 2 2 2 2 2 2 2 2 2 2 2 2
left_child=1 -1 6 4 -4 7 12 -3 -9 -8 13 -12 -2 -11
right_child=2 5 3 -5 -6 -7 9 8 -10 10 11 -13 -14 -15
leaf_value=-0.01953260357431888 -0.019200047684018607 -0.027551533615163999 -0.0085996700745820439 -0.017977990912039814 0.04100050618942408 0.043275902698743658 -0.014257794604739936 0.0094714977218393927 -0.0093828039744269093 -0.027539837721697248 0.020411626359312533 -0.045419091326572202 0.0058865431946677977 0.021370685010607543
leaf_weight=85.064036667346954 10.656971389427779 8.1811883989721519 3.0592046305537286 2.340363939292728 20.42156941536814 2.2570334859192362 5.685636762995272 37.466044703498483 36.517741795629263 1.3435166468843807 3.1789608132094136 2.8778399126604199 24.411879849620163 60.87602118961513
leaf_count=4946 307 271 31 37 138 29 116 765 1302 36 42 48 481 721
internal_value=-3.09654e-10 -0.0104451 0.013108 0.0292059 0.034451 -0.00116709 0.00906487 -0.0028936 0.000164161 0.0142958 0.0168451 -0.0128711 -0.00205791 0.0198956
internal_weight=304.338 169.486 134.852 25.8211 23.4808 84.422 109.031 82.165 73.9838 73.962 68.2763 6.0568 35.0689 62.2195
internal_count=9270 7313 1957 206 169 2367 1751 2338 2067 963 847 90 788 757
is_linear=0
shrinkage=0.05


Tree=15
num_leaves=15
num_cat=0
split_feature=11 5 14 11 5 9 1 11 6 15 10 3 10 4
split_gain=15.0203 6.03641 5.92996 3.01362 2.98451 2.61546 2.26246 2.50765 2.62434 2.29141 2.2583 2.11684 3.32966 2.10482
threshold=0.89325842696629221 0.018001804448019555 -0.043531449693776002 0.72471910112359561 0.010649446260398689 1.1140212074060301 -0.060135989332393107 0.98314606741573041 0.019963903022355154 0.88333333333333341 0.039325842696629219 0.085957630082607719 0.47752808988764051 -0.017657132658285165
decision_type=2 2 2 2 2 2 2 2 2 2 2 2 2 2
left_child=1 3 -2 -1 -4 6 -6 8 11 -9 -10 12 -8 -5
right_child=2 -3 4 13 5 -7 7 9 10 -11 -12 -13 -14 -15
leaf_value=-0.019313644957129238 -0.038926712854165019 0.0022324545909984442 -0.020673236129516326 -0.027867033132687003 -0.025537124053100015 -0.024511153260812785 0.028974989653513108 0.042602566758619204 -0.031314855618298124 -0.015424041022347706 0.026562528046182143 0.029137844179719805 -0.027895332127583435 0.0052599498376386805
leaf_weight=88.279912429396063 3.6004120679572216 93.53761327592656 3.5724998777732244 4.8870162414386895 1.5331590846180905 2.1686722580343476 2.7333377134054881 21.442404333502058 0.94811299256980319 1.350109914317726 40.63285974226892 3.3677350785583249 7.7097472101449966 24.871806375682354
leaf_count=4982 80 2310 84 233 30 44 32 134 23 15 409 46 133 715
internal_value=-3.11083e-10 -0.00725028 0.0171136 -0.0147203 0.0198976 0.0218957 0.0234462 0.0247171 0.0183954 0.0386616 0.0245384 -0.000507837 -0.011779 -0.000909309
internal_weight=300.635 211.576 89.0591 118.039 85.4586 81.8861 79.7175 78.1843 55.3918 22.7925 41.581 13.8108 10.4431 29.7588
internal_count=9270 8240 1030 5930 950 866 822 792 643 149 432 211 165 948
is_linear=0
shrinkage=0.05


Tree=16
num_leaves=15
num_cat=0
split_feature=11 5 11 2 14 3 9 7 12 3 8 16 16 1
split_gain=15.6653 7.01301 4.32415 2.51347 2.45136 2.80527 2.42063 3.53208 3.00122 3.82799 2.38387 2.29298 2.8389 1.95757
threshold=0.75842696629213491 0.01786779921613612 0.98314606741573041 -0.092994518064081363 -0.043531449693776002 -0.081339420471999088 -0.12230502496215338 0.081652732288406374 0.11797752808988766 -0.0084627382987682558 0.4315595719346686 0.015894468872209837 0.010188886531188315 -0.060135989332393107
decision_type=2 2 2 2 2 2 2 2 2 2 2 2 2 2
left_child=1 -1 4 -4 5 -2 -3 -8 9 -9 -5 12 -10 -6
right_child=2 6 3 10 13 -7 7 8 11 -11 -12 -13 -14 -15
leaf_value=-0.020310720330661617 0.02646383773246096 -0.01252292725583376 -0.035481565480660643 0.037007411685552487 -0.034045431847804723 -0.03671387963166816 -0.025906083505536411 0.03283689500925651 0.01234077179925562 -0.021491922145763644 -0.015323720241439007 0.02539555426792155 -0.030853753306032874 0.010453056383988931
leaf_weight=86.764951075427234 1.6488440288230775 21.326934082433581 0.62689558602869766 23.759836737997833 1.576542954891919 5.0675257756374767 5.9169920734129837 19.287927550263706 5.9794297898188251 3.1416008668020359 1.8486705729737867 4.4913309738039962 7.7476737070828676 107.48052431689575
leaf_count=5163 29 695 8 161 45 131 217 310 162 106 37 121 230 1855
internal_value=-1.18292e-10 -0.010976 0.0119467 0.0299214 0.00765217 -0.0197844 0.0010753 0.00743568 0.0127946 0.0246348 0.0327957 -0.00230568 -0.0124782 0.00950628
internal_weight=296.666 154.657 142.009 26.2354 115.773 6.71637 67.8919 46.565 40.648 22.4295 25.6085 18.2184 13.7271 109.057
internal_count=9270 7004 2266 206 2060 160 1841 1146 929 416 198 513 392 1900
is_linear=0
shrinkage=0.05


Tree=17
num_leaves=15
num_cat=0
split_feature=11 5 14 11 3 5 8 7 7 7 16 5 11 3
split_gain=13.998 5.87919 4.46202 3.8002 2.66948 2.54213 2.45422 2.09523 2.15564 2.57341 3.138 2.57041 2.22927 2.06019
threshold=0.89325842696629221 0.018001804448019555 -0.043531449693776002 0.72471910112359561 0.015093535364447243 0.010649446260398689 0.9073933762733285 0.23411600798910373 0.13555944937877071 0.11228764757845523 0.014423643524592173 0.033557813848388469 0.050561797752808994 -0.086625452690684432
decision_type=2 2 2 2 2 2 2 2 2 2 2 2 2 2
left_child=1 3 -2 -1 -5 -4 -7 8 9 -3 11 13 -10 -11
right_child=2 7 5 4 -6 6 -8 -9 12 10 -12 -13 -14 -15
leaf_value=-0.02044219409117911 -0.034784027337173985 -0.0018987963557812 -0.018734013328405807 -0.017465560759980799 0.011203123392008109 0.022550301803174577 -0.022680766279184101 0.041462458525605948 0.017167305664841124 -0.020189647279874046 -0.011126166181387983 -0.017923154385190359 -0.021145460321023553 0.039967770997678981
leaf_weight=80.687247514491901 3.1318555148318401 47.361371168401092 3.4996614949777713 12.410322033800187 19.582670231815428 77.576086970977485 2.3479121550917617 2.2754161600023499 4.0372131811454919 0.96790024172514932 6.2605067575350395 2.0158803397789589 16.4602429298684 14.483755642548205
leaf_count=4982 80 1232 84 476 472 814 52 27 102 34 165 47 464 239
internal_value=3.57172e-11 -0.00707307 0.0167661 -0.0147211 -0.000109981 0.0190904 0.0209577 0.00216665 0.000753092 0.00488915 0.0179668 0.0284318 -0.0131518 0.0352013
internal_weight=293.098 206.543 86.5555 112.68 31.993 83.4237 79.924 93.8623 91.5869 71.0894 23.728 17.4675 20.4975 15.4517
internal_count=9270 8240 1030 5930 948 950 866 2310 2283 1717 485 320 566 273
is_linear=0
shrinkage=0.05


Tree=18
num_leaves=15
num_cat=0
split_feature=11 5 14 7 11 5 8 2 15 14 1 5 4 1
split_gain=12.8289 5.52819 3.91136 3.66433 2.62873 2.32435 2.22573 2.45562 2.03858 2.20298 1.86431 1.79042 2.12988 1.69686
threshold=0.89325842696629221 0.010899567945764573 -0.043531449693776002 0.23411600798910373 0.71348314606741581 0.010649446260398689 0.38618836064598011 0.057296835900012895 0.13888888888888892 0.038909747882340862 0.038449047515344177 0.023325141075638656 0.052751036152599136 0.042077835558798633
decision_type=2 2 2 2 2 2 2 2 2 2 2 2 2 2
left_child=1 4 -2 10 -1 -4 7 8 -7 -10 -3 13 -13 -8
right_child=2 3 5 -5 -6 6 11 -9 9 -11 -12 12 -14 -15
leaf_value=-0.028111430609995609 -0.034830618684251712 -0.005428839674285253 -0.018482018729965136 0.044768068566095762 -0.00093546821106934262 -0.0045432260212858204 0.033123945760868911 0.03775850626270047 0.022882349234594104 -0.038874357181771589 0.012134202328817937 0.021711612132020389 -0.039663144445812253 -0.01797737231579068
leaf_weight=36.089801096590236 2.7516758386045685 134.42241803067736 3.4202921055257312 3.0412935446947804 11.799906182102857 9.0860265251249057 3.6415286660194379 19.597057264298201 41.276176887564361 0.6175921130925407 16.057040594052523 1.3108193576335905 3.4662618655711412 1.7187046874314544
leaf_count=2366 80 5028 84 31 377 105 51 159 424 11 438 16 64 36
internal_value=3.95664e-10 -0.00692609 0.0159515 -0.00224754 -0.0215714 0.018002 0.0197552 0.0228619 0.0165193 0.0210869 -0.00348703 -0.00198466 -0.021979 0.0164885
internal_weight=288.297 201.41 86.8861 153.521 47.8897 84.1345 80.7142 70.5769 50.9798 41.8938 150.479 10.1373 4.77708 5.36023
internal_count=9270 8240 1030 5497 2743 950 866 699 540 435 5466 167 80 87
is_linear=0
shrinkage=0.05


Tree=19
num_leaves=15
num_cat=0
split_feature=11 5 11 7 14 3 5 3 15 7 7 11 7 9
split_gain=12.4241 5.18556 3.58439 3.51473 3.31246 2.10827 1.98023 3.59232 2.52545 1.82041 1.58034 2.72909 2.04339 1.60713
threshold=0.89325842696629221 0.018001804448019555 0.71348314606741581 0.23411600798910373 -0.043531449693776002 0.0045841633172497573 0.014740557502135401 0.10581963769606585 0.15000000000000002 0.066272481937293917 0.13555944937877071 0.050561797752808994 0.083797876578534672 -0.12230502496215338
decision_type=2 2 2 2 2 2 2 2 2 2 2 2 2 2
left_child=1 2 9 10 -2 -4 7 -6 -8 -1 12 -12 -3 -14
right_child=4 3 5 -5 6 -7 8 -9 -10 -11 11 -13 13 -15
leaf_value=-0.029205397853043043 -0.032474253782708261 -0.0077266271049148214 -0.018056313686472342 0.043566939724586341 -0.016954978456952218 0.0082596857911871342 -5.5768818107017873e-05 0.030822153998380897 0.025460019844842169 -0.012992151854597612 0.019168178443295783 -0.022813258559937401 -0.0049328574271311071 0.015866728052511245
leaf_weight=31.94829538022168 2.5382317113690069 25.973961281590164 10.310822020750491 3.7964153327047816 9.520668635144828 22.266825239174068 11.647336767986415 5.2855690950527778 56.799758657813072 43.021347591187805 4.3020272618159678 14.639343471266328 12.643559809774159 30.312712645158172
leaf_count=2081 80 706 440 27 193 577 135 61 561 2832 102 464 348 663
internal_value=-3.7279e-10 -0.00684929 -0.014245 0.00188762 0.0158003 -0.000359021 0.0176401 0.000971583 0.0211798 -0.0201949 -0.000383062 -0.0127952 0.00316188 0.00977172
internal_weight=285.007 199.215 107.547 91.668 85.7916 32.5776 83.2533 14.8062 68.4471 74.9696 87.8716 18.9414 68.9302 42.9563
internal_count=9270 8240 5930 2310 1030 1017 950 254 696 4913 2283 566 1717 1011
is_linear=0
shrinkage=0.05


Tree=20
num_leaves=15
num_cat=0
split_feature=11 5 7 14 11 1 6 7 7 1 7 6 12 5
split_gain=11.3763 5.04501 3.58286 3.04623 2.90553 1.94434 2.41715 2.87284 2.6214 3.50636 2.41608 3.34548 3.14303 2.74419
threshold=0.89325842696629221 0.018001804448019555 0.23411600798910373 -0.043531449693776002 0.71348314606741581 -0.060135989332393107 0.030782352420441 0.071118913742055492 0.036010819136743651 0.041180979457110641 0.092936800700336678 0.019963903022355154 -0.25280898876404484 0.034148860923551731
decision_type=2 2 2 2 2 2 2 2 2 2 2 2 2 2
left_child=1 4 -3 -2 -1 -5 8 -8 -7 10 11 12 -10 -13
right_child=3 2 -4 5 -6 6 7 -9 9 -11 -12 13 -14 -15
leaf_value=-0.019463390568266313 -0.033220176198842571 -0.00035435550298959213 0.043461584257578123 -0.027347447223179413 -0.0013743779572554979 0.030024867780415257 -0.0083304193716087979 0.042848122071446434 0.018927053879708611 -0.019558443780431731 -0.013144560461349786 0.032674131947541617 -0.038020267593852602 -0.02238080034971035
leaf_weight=73.145195984048769 2.2477840594947329 87.357943339273334 3.9279265366494647 1.5737966019660223 31.914727717638016 16.070457076653838 2.9746593274176147 14.539959872141479 4.2177072148770094 9.0930602774023992 6.333061706274747 22.600184399634603 3.5957796219736329 1.8087665699422348
leaf_count=4913 80 2283 27 31 1017 192 31 117 57 134 84 210 75 19
internal_value=-2.79526e-10 -0.00661524 0.00198151 0.0151704 -0.0140331 0.0168646 0.0180433 0.0341756 0.0131495 0.00695769 0.0135477 0.0190316 -0.00862053 0.0278742
internal_weight=281.401 196.346 91.2859 85.0552 105.06 82.8074 81.2336 17.5146 63.719 47.6486 38.5555 32.2224 7.81349 24.409
internal_count=9270 8240 2310 1030 5930 950 919 148 771 579 445 361 132 229
is_linear=0
shrinkage=0.05


Tree=21
num_leaves=15
num_cat=0
split_feature=11 5 7 11 14 5 1 11 21 4 7 11 7 6
split_gain=11.0915 4.30696 2.90452 2.75625 2.66608 2.10214 1.90167 1.89936 2.57083 1.79986 1.52016 2.28364 1.82017 1.5179
threshold=0.89325842696629221 0.018001804448019555 0.23411600798910373 0.71348314606741581 -0.043531449693776002 0.010649446260398689 -0.060135989332393107 0.98314606741573041 89.814349396264618 -0.017657132658285165 0.13555944937877071 0.050561797752808994 0.083797876578534672 0.019963903022355154
decision_type=2 2 2 2 2 2 2 2 2 2 2 2 2 2
left_child=1 3 10 -1 -2 -6 -7 13 -9 -5 12 -12 -3 -8
right_child=4 2 -4 9 5 6 7 8 -10 -11 11 -13 -14 -15
leaf_value=-0.018872901023019098 -0.031854701737903571 -0.0077512648746030938 0.038334592473891801 -0.026374739631308111 -0.0183948689000628 -0.02684722917022608 -0.00054411317281856321 0.037368139724809367 -0.013408523209854679 0.0041435463068556144 0.014646765183266403 -0.02312623927820278 0.0087995270482381528 0.018719091214118491
leaf_weight=71.487621917389333 2.0363668515346935 25.506147927138954 4.0228605419397345 4.8439500266686109 3.3187527786940327 1.4394369237124909 13.417569218203424 19.97227083705366 2.3213468175381413 26.926951908040792 4.7270958209410336 13.638813192956148 43.686303679831326 41.264629427343607
leaf_count=4913 80 706 27 258 84 31 217 139 26 759 102 464 1011 453
internal_value=-2.39209e-10 -0.00654011 0.00135723 -0.0134902 0.0151092 0.0166502 0.0183463 0.0195249 0.0317323 -0.00117226 -0.000755379 -0.0131498 0.00267496 0.0140675
internal_weight=278.61 194.84 91.5812 103.259 83.7704 81.734 78.4153 76.9758 22.2936 31.7709 87.5584 18.3659 69.1925 54.6822
internal_count=9270 8240 2310 5930 1030 950 866 835 165 1017 2283 566 1717 670
is_linear=0
shrinkage=0.05


Tree=22
num_leaves=15
num_cat=0
split_feature=11 5 7 4 14 11 5 1 9 11 15 5 15 13
split_gain=9.9533 4.14971 3.00573 2.85522 2.27472 1.84579 1.77913 1.8427 1.74332 1.82513 1.68438 1.27449 1.51224 1.6138
threshold=0.89325842696629221 0.010899567945764573 0.23411600798910373 -0.10201851370653979 -0.043531449693776002 0.71348314606741581 0.010649446260398689 -0.060135989332393107 1.1140212074060301 0.98314606741573041 0.90555555555555567 0.014740557502135401 0.13888888888888892 -0.023004109787491431
decision_type=2 2 2 2 2 2 2 2 2 2 2 2 2 2
left_child=1 5 -3 -4 -2 -1 -6 -8 9 11 -11 -9 13 -13
right_child=4 2 3 -5 6 -7 7 8 -10 10 -12 12 -14 -15
leaf_value=-0.02525270072614352 -0.029731524797146726 -0.0034770834328232965 0.050035392213878108 -0.035253636175923954 -0.016836333339936838 -0.0019176317509768304 -0.028030424707481391 -0.003495354396390152 -0.020934326920488137 0.035267741265219747 -0.018285973230390568 0.025238460744469917 0.021455466862271868 -0.018858911250863322
leaf_weight=33.153563003288582 1.944058934226631 143.56743696541525 3.6948957731947303 0.47950837202370067 3.2318377057090393 11.501767186913638 1.3335327077656973 8.1233088709413988 1.9417366962879885 20.275988286361102 0.98045695200562377 2.2530407011508942 37.989328155294061 4.766584960743784
leaf_count=2366 80 5466 24 7 84 377 31 142 43 137 12 22 411 68
internal_value=-2.81361e-10 -0.00623775 -0.00215084 0.0353186 0.0143889 -0.019416 0.0157993 0.0173541 0.0184992 0.0197926 0.032087 0.0143721 0.0176028 -0.00332307
internal_weight=275.237 192.397 147.742 4.1744 82.8399 44.6553 80.8958 77.664 76.3304 74.3887 21.2564 53.1323 45.009 7.01963
internal_count=9270 8240 5497 31 1030 2743 950 866 835 792 149 643 501 90
is_linear=0
shrinkage=0.05


Tree=23
num_leaves=15
num_cat=0
split_feature=11 5 7 11 14 10 14 8 6 3 10 4 7 11
split_gain=8.38995 3.83473 2.14252 1.95608 1.95392 1.8509 2.39055 2.36541 2.3482 4.3898 2.74648 2.50916 1.91605 1.78414
threshold=0.89325842696629221 0.018001804448019555 0.23411600798910373 0.72471910112359561 -0.043531449693776002 0.23033707865168543 -0.010329171654805883 0.34725465674149408 0.020581198599587916 0.10581963769606585 0.47752808988764051 0.32617339111272775 0.12671966757926875 0.9269662921348315
decision_type=2 2 2 2 2 2 2 2 2 2 2 2 2 2
left_child=1 3 -3 -1 -2 6 -6 8 9 10 -7 -10 -8 -12
right_child=4 2 -4 -5 5 7 12 -9 11 -11 13 -13 -14 -15
leaf_value=-0.016960895253899152 -0.028218856039439827 -7.8355324412593148e-05 0.03413595635483746 -0.0017258518971806668 0.023924732212575212 0.028308378360945866 -0.039736167264169897 -0.0027255336380631783 0.029848784082086723 0.039474764477167357 -0.00134871741559542 -0.02828971758209909 0.014186599095893144 -0.044166785924702051
leaf_weight=69.97612326242961 1.8522633216343809 86.678262292407453 3.8303461112081996 30.311690793838352 3.3214265145361423 2.3065176364034441 4.1163510251790267 11.928010252304373 40.909722166135907 5.0828508250415316 4.5250778142362815 1.1842085979878891 1.8119105054065583 4.4304714845493436
leaf_count=4982 80 2283 27 948 41 29 66 200 366 47 81 13 19 88
internal_value=5.72933e-11 -0.00573441 0.00172681 -0.0124187 0.0133364 0.0146413 -0.00585615 0.0173799 0.0214605 0.00498261 -0.0125343 0.0275947 -0.0235864 -0.0248402
internal_weight=272.265 190.796 90.5086 100.288 81.4688 79.6165 9.24969 70.3669 58.4388 16.3449 11.2621 42.0939 5.92826 8.95555
internal_count=9270 8240 2310 5930 1030 950 126 824 624 245 198 379 85 169
is_linear=0
shrinkage=0.05


Tree=24
num_leaves=15
num_cat=0
split_feature=5 11 7 4 7 7 9 6 14 7 5 21 3 8
split_gain=7.59218 5.33351 2.7594 2.39796 1.97294 2.5023 2.13644 2.0458 3.89434 3.88017 3.20596 2.76817 3.96716 3.93574
threshold=0.010649446260398689 0.89325842696629221 0.23411600798910373 -0.10201851370653979 0.036010819136743651 0.045523530815892173 -0.28657506161887841 0.027166307926354629 -0.03558967540609654 0.092936800700336678 0.034822836431848934 44.150821505124 0.024531182214539208 0.34725465674149408
decision_type=2 2 2 2 2 2 2 2 2 2 2 2 2 2
left_child=-1 2 -2 -4 -3 6 -6 9 -9 10 -7 12 -10 -13
right_child=1 4 3 -5 5 7 -8 8 11 -11 -12 13 -14 -15
leaf_value=-0.018601755293620983 -0.0030218132253911193 0.030844454305537002 0.047054576816558849 -0.032787523966950304 0.030494194354762017 0.017199577388782774 -0.035286207088595749 -0.025275196152732535 0.027662444417656664 -0.033989820173948262 -0.041990229015264682 0.048757140747852694 -0.041821414283998097 -0.010184931237511763
leaf_weight=44.64056115411222 144.79448585771024 14.048468602821229 3.741554057225585 0.42201365157961745 0.78954926878213871 23.124115154147155 4.0819190368056288 2.9761764863505986 4.3953225435689118 4.6111159585416308 1.5752779338508833 15.181388162076475 2.3181691393256187 3.0593700967729083
leaf_count=2701 5601 161 25 7 4 307 68 54 49 83 21 110 32 47
internal_value=-5.16891e-11 0.00375464 -0.001761 0.0341794 0.0144253 0.0102818 -0.0212469 0.0132838 0.0227301 0.00382927 0.0119376 0.0292087 0.00135831 0.0388557
internal_weight=269.759 225.119 148.958 4.16357 76.1609 62.1124 4.87147 57.2409 27.9304 29.3105 24.6994 24.9542 6.71349 18.2408
internal_count=9270 6569 5633 32 936 775 72 703 292 411 328 238 81 157
is_linear=0
shrinkage=0.05


Tree=25
num_leaves=15
num_cat=0
split_feature=11 7 7 11 9 2 1 14 5 6 3 12 5 10
split_gain=6.7622 4.25816 2.84606 2.7744 1.97547 2.05106 3.30257 1.79474 1.55577 1.58226 2.631 1.758 1.72982 1.63582
threshold=0.75842696629213491 0.066757675632158744 0.23411600798910373 0.98314606741573041 0.47912478258504648 0.037519786096258174 0.014763046659738046 0.022196329129065367 0.035506235527237563 0.017342025016155341 0.062739305605315723 -0.11235955056179771 0.015711013352119722 0.028089887640449441
decision_type=2 2 2 2 2 2 2 2 2 2 2 2 2 2
left_child=1 -1 -3 8 5 6 7 -5 9 10 -2 -12 -11 -14
right_child=3 2 -4 4 -6 -7 -8 -9 -10 12 11 -13 13 -15
leaf_value=-0.022116509929119076 -0.015805735279005525 -0.0042394993653150454 0.033505404624654164 0.031632368067295968 -0.016952333637582785 0.042376849237678441 -0.0424138322256985 -0.028900402559223493 -0.02103601278288068 -0.0032848215013517299 -0.033390384060880338 0.03018631878374264 -0.029254555430566917 0.01481956244805956
leaf_weight=36.331189670832828 16.192071947734807 97.674949244130403 4.2647242667153469 6.7536115106195265 2.0064922450110307 10.989727090112863 1.4842705652117727 0.64844968914985646 4.5963944336399427 20.134751294739544 0.45381327345967282 5.3418540973216286 1.2791451914235938 59.788519667461514
leaf_count=2443 520 4523 38 59 37 80 19 11 87 437 10 96 37 873
internal_value=-6.38516e-11 -0.00766543 -0.00235027 0.00817004 0.0240085 0.0287575 0.00933175 0.0235209 0.00476341 0.00610346 -0.0056047 0.0210272 0.00930338 0.0134399
internal_weight=267.94 138.271 101.94 129.669 21.8826 19.8761 8.88633 7.40206 107.787 103.19 21.9877 5.79567 81.2024 61.0677
internal_count=9270 7004 4561 2266 206 169 89 70 2060 1973 626 106 1347 910
is_linear=0
shrinkage=0.05


Tree=26
num_leaves=15
num_cat=0
split_feature=11 5 4 7 1 11 9 5 5 9 16 6 10 12
split_gain=6.27186 2.94932 2.31133 1.77743 1.73429 1.99229 1.81973 1.47936 1.51216 4.24458 2.7285 2.3984 1.76218 1.69282
threshold=0.89325842696629221 0.010999566093273546 -0.15594719991433667 0.18806106137364223 -0.060135989332393107 0.98314606741573041 0.21261674774859121 0.014740557502135401 0.026877014602042133 -0.038499521153981579 0.015284095056766997 0.021686267123913344 0.23033707865168543 0.022471910112359567
decision_type=2 2 2 2 2 2 2 2 2 2 2 2 2 2
left_child=1 -1 3 -3 -2 7 -7 -6 11 -10 13 -9 -13 -11
right_child=4 2 -4 -5 5 6 -8 8 9 10 -12 12 -14 -15
leaf_value=-0.016179709415211862 -0.03081004708093937 -0.010191107819329024 -0.0028991856372032948 0.040479231901774007 -0.0080367840996981941 0.034769299928212441 0.0013181587624806037 0.0017528668075670003 0.032502254120183316 -0.059030653975495423 0.010762908493769126 -0.01210854805798973 0.034306111323648719 0.0021104543740986361
leaf_weight=43.486506439512596 1.3943900819867838 2.0266907052136949 138.41307574789971 4.5186082269065082 10.919708423316477 14.84804078191519 5.5774253783747545 14.013308970723303 4.4302373109385362 3.4556827349588257 3.2086078021675348 1.8207495957613016 16.059264682233334 1.4276400562375782
leaf_count=2814 41 81 5277 68 231 116 74 211 46 47 33 28 183 20
internal_value=3.39416e-10 -0.00491657 -0.00145001 0.0255184 0.0119176 0.0130951 0.0261229 0.00790794 0.0119187 -0.00267018 -0.0233835 0.0175537 0.0291886 -0.0438355
internal_weight=265.6 188.445 144.958 6.5453 77.1551 75.7607 20.4255 55.3352 44.4155 12.5222 8.09193 31.8933 17.88 4.88332
internal_count=9270 8240 5426 149 1030 989 190 799 568 146 100 422 211 67
is_linear=0
shrinkage=0.05


Tree=27
num_leaves=15
num_cat=0
split_feature=11 4 7 13 10 6 7 4 5 8 7 7 3 3
split_gain=6.14695 3.50414 2.58114 2.11731 1.93155 2.41697 4.19675 3.19111 3.14919 2.40242 2.10357 1.81049 1.80017 1.58277
threshold=0.75842696629213491 -0.15594719991433667 0.066757675632158744 0.018224333734519798 0.016853932584269666 0.025253299408496736 0.047479250697007765 0.19398772866322536 0.024492180768431633 0.41918664732613414 0.097465840674084273 0.18806106137364223 0.057999757329005426 -0.093979606306701421
decision_type=2 2 2 2 2 2 2 2 2 2 2 2 2 2
left_child=1 11 -3 4 -2 7 -7 10 -9 -8 -6 -1 -5 -4
right_child=3 2 13 12 5 6 9 8 -10 -11 -12 -13 -14 -15
leaf_value=-0.0098040876014048751 -0.0301617363378071 -0.020577610995317634 -0.024671434666465361 -0.043792499676778833 0.004074059627780356 -0.042421274254574468 0.027653832621570347 0.04454595482309999 -0.033831128693827553 -0.0097114450057546528 -0.025163297254974921 0.038545049114953323 0.012674158113003556 -0.0027135226447072246
leaf_weight=2.3327863272279492 2.1109291622415176 35.607897260226309 8.1211272953078133 2.6161446068435898 66.284927915781736 1.6769664864987124 35.192300048656762 6.8599816858768454 0.77266101166605938 4.3802339788526288 5.7739890720695248 5.1155892550013959 1.7236577412113545 85.941287453752011
leaf_count=111 54 2443 343 88 1367 25 379 64 10 79 178 74 22 4033
internal_value=2.99575e-10 -0.00732125 -0.00929248 0.0078759 0.00914972 0.0100776 0.0197646 0.00488064 0.0336119 0.0233805 0.00141895 0.0240343 -0.0231919 -0.0048489
internal_weight=264.51 137.119 129.67 127.392 123.052 120.941 41.2495 79.6916 7.63264 39.5725 72.0589 7.44838 4.3398 94.0624
internal_count=9270 7004 6819 2266 2156 2102 483 1619 74 458 1545 185 110 4376
is_linear=0
shrinkage=0.05


Tree=28
num_leaves=15
num_cat=0
split_feature=11 7 4 11 5 6 12 8 7 5 3 5 14 3
split_gain=5.60572 3.25846 2.21929 2.13753 1.7742 1.65592 2.3629 2.53153 2.29564 1.81533 1.6101 1.60345 1.64453 1.93234
threshold=0.75842696629213491 0.066757675632158744 -0.15594719991433667 0.98314606741573041 0.039307114566529723 0.025614282555239589 -0.47752808988764034 -0.32402582500922833 0.097465840674084273 0.029233049867952384 -0.12608476339889416 0.026136973933676613 -0.0083067958695001876 -0.012381724825791583
decision_type=2 2 2 2 2 2 2 2 2 2 2 2 2 2
left_child=1 -1 10 4 5 8 7 -7 -2 -9 -3 -8 13 -13
right_child=3 2 -4 -5 -6 6 11 9 -10 -11 -12 12 -14 -15
leaf_value=-0.019956822797899731 0.0045751977404845613 0.047593712322744036 -0.0046013690825837681 0.022040121562853759 -0.031023842570751872 0.025020235498132017 0.034007776320544102 -0.05551079636632892 -0.025101212994496077 0.011362931804985264 0.003167266049167187 0.018959571492377234 0.023997027059674839 -0.037961090367995796
leaf_weight=34.938645800575614 70.464115800801665 2.5764137022197247 93.275137045886368 20.288723010569811 2.4088768288493148 1.9727075574919579 12.725848176516594 2.1448171073570879 6.1752976076677433 1.0672119902446864 5.1094042458571485 1.8066684594377873 4.7859905250370485 2.4507405562326312
leaf_count=2443 1451 26 4376 206 44 31 152 52 205 20 159 25 47 33
internal_value=1.23121e-10 -0.00702304 -0.00239533 0.00755317 0.00460032 0.00571739 0.0161389 -0.0124021 0.00189149 -0.0358691 0.0218246 0.0231827 0.00608021 -0.0147945
internal_weight=262.191 135.9 100.961 126.291 106.002 103.593 26.954 5.18474 76.6394 3.21203 7.68582 21.7692 9.0434 4.25741
internal_count=9270 7004 4561 2266 2060 2016 360 103 1656 72 185 257 105 58
is_linear=0
shrinkage=0.05


Tree=29
num_leaves=15
num_cat=0
split_feature=5 11 4 1 13 7 8 18 14 21 6 6 5 5
split_gain=5.34605 3.47486 2.53834 1.6119 1.6872 1.37455 1.34687 1.35217 1.42181 1.25689 1.40736 1.63493 1.22756 1.3512
threshold=0.010950463128555989 0.89325842696629221 -0.15594719991433667 -0.060135989332393107 0.021629966209206302 0.18806106137364223 0.34725465674149408 86.68411394591422 0.029715012890065475 80.837314668747055 0.019963903022355154 0.01863613856457676 0.015471984880269166 0.037531677906596526
decision_type=2 2 2 2 2 2 2 2 2 2 2 2 2 2
left_child=-1 2 5 -3 6 -2 7 8 9 10 11 -5 -12 -14
right_child=1 3 -4 4 -6 -7 -8 -9 -10 -11 12 -13 13 -15
leaf_value=-0.015308298888059841 -0.0072393530921422006 -0.02953320709622503 -0.0027110717412812415 0.013151645960121576 -0.027621446228534921 0.03719093335365091 -0.0013050305297394229 0.03379169638435979 -0.020630194866509063 -0.024220175757775707 -0.0029497852438528909 -0.026469545367626426 0.029098431792565174 -0.0061507569474094602
leaf_weight=45.849701359402388 2.0029827016405752 1.3193040546029795 137.44481223309413 7.3243604949675483 1.5173482727259386 5.3512026397511363 10.589220332913099 10.448079274967311 2.0157432388514271 1.0590416528284539 4.0532628167420617 2.7894945498555899 25.969665023498241 2.6738407630473366
leaf_count=2886 82 39 5312 121 28 68 181 99 31 14 67 43 270 29
internal_value=1.43785e-10 0.00332712 -0.00110334 0.012409 0.0136312 0.0256719 0.0149594 0.0179862 0.0137433 0.0157473 0.0172662 0.000825352 0.0221764 0.0257115
internal_weight=260.408 214.558 144.799 69.7594 68.4401 7.35419 66.9227 56.3335 45.8854 43.8697 42.8106 10.1139 32.6968 28.6435
internal_count=9270 6384 5462 922 883 150 855 674 575 544 530 164 366 299
is_linear=0
shrinkage=0.05


Tree=30
num_leaves=15
num_cat=0
split_feature=5 11 4 14 14 1 3 14 8 9 16 16 8 2
split_gain=4.71239 3.28078 2.6206 1.71396 1.63892 1.25152 2.83947 2.45311 1.88475 1.68178 1.47591 2.47486 1.25892 1.25117
threshold=0.010950463128555989 0.89325842696629221 -0.15594719991433667 -0.043531449693776002 0.017896972366020097 -0.018262635153140413 0.047318585958300748 -0.01734831545187519 0.23734216764969709 0.28322649190492671 0.015777744436215897 0.018976010360108216 0.9073933762733285 0.047103103352375338
decision_type=2 2 2 2 2 2 2 2 2 2 2 2 2 2
left_child=13 2 4 -3 -2 6 7 -5 10 -10 -7 -12 -11 -1
right_child=1 3 -4 5 -6 8 -8 -9 9 12 11 -13 -14 -15
leaf_value=-0.017370308683362628 0.032491215849472871 -0.027681494328452155 -0.002833158034318428 0.0304067858275099 -0.026858972390648429 0.02659225695545658 -0.033645512187939007 -0.020905625825638076 -0.03270342594257318 0.015403878686277257 -0.020085176014454195 0.034343492836109768 -0.020287633891849746 0.0078914096427477511
leaf_weight=40.25746679585427 7.1391527527011922 1.7230007639154781 137.16638431837782 6.0748711451888076 0.58666424034163345 32.59903712477535 3.5186987258493891 2.6321780737489453 1.9769530817866314 11.224967647343872 4.4329503551125518 2.3934204392135143 2.1819543167948714 4.9801110061816862
leaf_count=2721 134 69 5312 74 16 368 51 49 30 155 55 25 46 165
internal_value=1.74857e-10 0.00311886 -0.00116259 0.0120284 0.0254228 0.0134409 -0.000971045 0.0143392 0.0166154 0.0016114 0.0222854 0.000948095 0.00859015 -0.0144788
internal_weight=258.888 213.65 144.892 68.758 7.72582 67.035 12.2257 8.70705 54.8093 15.3839 39.4254 6.82637 13.4069 45.2376
internal_count=9270 6384 5462 922 150 853 174 123 679 231 448 80 201 2886
is_linear=0
shrinkage=0.05


Tree=31
num_leaves=15
num_cat=0
split_feature=5 11 4 14 7 4 7 8 2 3 14 12 6 6
split_gain=4.19374 2.89967 2.64546 1.4931 1.32112 1.79715 1.82209 1.94814 1.30749 2.26728 1.5386 2.08722 1.50234 1.38358
threshold=0.010649446260398689 0.89325842696629221 -0.15594719991433667 -0.043531449693776002 0.021844861954281928 0.32617339111272775 0.026573269114125945 0.34725465674149408 0.041688694334543371 0.10189132635698729 0.022566823884922465 0.11797752808988766 0.017817768502999289 0.018452186990712421
decision_type=2 2 2 2 2 2 2 2 2 2 2 2 2 2
left_child=-1 2 -2 -3 -5 6 -6 -8 10 -10 11 13 -12 -4
right_child=1 3 8 4 5 -7 7 -9 9 -11 12 -13 -14 -15
leaf_value=-0.014458500874336642 0.025519225342040583 -0.026155820527530182 -0.0064295809432403338 0.037673055620940879 -0.032908437094815716 -0.031785793413259121 0.017145515023647542 -0.0068650596897176785 0.015056813440400009 -0.037871752682965845 0.0026935356816043688 -0.014105225560757488 -0.0327816680519483 0.0067333875174022855
leaf_weight=41.024187594186515 7.7429288104176512 1.6845760419964779 32.644844925496727 3.9828950557857743 1.2777001000940789 1.5108876526355732 51.008432014845312 9.5210113544017059 16.720962567254904 1.322313992306589 4.302117891609667 28.589249974582344 7.7921152519993484 48.161799803376198
leaf_count=2701 156 70 1636 37 25 22 618 164 487 34 264 1429 323 1304
internal_value=8.61796e-12 0.00279666 -0.00117763 0.0111769 0.0124806 0.0103349 0.0118542 0.0133186 -0.00283013 0.00939288 -0.00470731 -0.00274159 -0.0209206 0.00140213
internal_weight=257.286 216.262 147.276 68.9855 67.3009 63.318 61.8071 60.5294 139.533 18.0433 121.49 109.396 12.0942 80.8066
internal_count=9270 6569 5633 936 866 829 807 782 5477 521 4956 4369 587 2940
is_linear=0
shrinkage=0.05


Tree=32
num_leaves=15
num_cat=0
split_feature=5 11 4 1 6 13 14 7 6 5 21 21 8 7
split_gain=3.94576 2.76957 2.49451 1.2897 1.28801 1.19647 1.1638 1.19661 1.13819 1.31361 2.00216 1.55296 1.44523 1.55631
threshold=0.010649446260398689 0.89325842696629221 -0.15594719991433667 -0.060135989332393107 0.037090819448020972 0.021629966209206302 0.017896972366020097 0.21598335597797544 0.025614282555239589 0.028032799905350351 71.477228160776761 14.310679317503592 0.41918664732613414 0.15714011903288347
decision_type=2 2 2 2 2 2 2 2 2 2 2 2 2 2
left_child=-1 2 6 -3 8 -5 7 -2 -4 12 11 -11 13 -10
right_child=1 3 4 5 -6 -7 -8 -9 9 10 -12 -13 -14 -15
leaf_value=-0.014099112526116493 0.006540094661316523 -0.026934838099161168 -0.0040083832478735133 0.013213733846400209 -0.038559825122082413 -0.023016922288583149 -0.021897167959556093 0.046465911105993664 0.031017832271748414 0.015406478121587587 0.024036821697014914 -0.03757815375777572 -0.021733496339147073 -0.017647475989206986
leaf_weight=40.602071679197252 3.7190032624639553 1.2692802362143982 117.5931004951708 65.300134117715061 1.4766266802325834 1.4776002345606674 0.52147217420861114 3.7758109895512462 9.5873290053568798 1.3036003746092308 2.4853502931073308 3.7826928924769163 1.1971245165914286 1.2752298805862654
leaf_count=2701 110 39 4988 869 33 28 17 29 196 25 38 115 32 50
internal_value=4.05073e-12 0.00271849 -0.00116013 0.0109769 -0.00279762 0.0120843 0.0243403 0.0297564 -0.00213661 0.0087263 -0.00705322 -0.0236982 0.0184149 0.0242986
internal_weight=255.366 214.764 146.717 68.047 138.701 66.7777 8.01629 7.49481 137.224 19.6313 7.57164 5.08629 12.0597 10.8626
internal_count=9270 6569 5633 936 5477 897 156 139 5444 456 178 140 278 246
is_linear=0
shrinkage=0.05


Tree=33
num_leaves=15
num_cat=0
split_feature=6 4 7 5 5 10 16 12 11 7 4 21 9 18
split_gain=3.84036 3.51178 2.72552 2.57346 2.02335 1.73121 1.67529 2.16821 1.57497 2.37237 2.13851 2.11104 1.4944 1.78607
threshold=0.025253299408496736 0.19398772866322536 0.047479250697007765 0.024492180768431633 0.010950463128555989 0.96067415730337091 0.015054629445111621 0.11797752808988766 0.050561797752808994 0.097465840674084273 -0.044670018413547778 24.451336166410044 1.1140212074060301 68.097507362022213
decision_type=2 2 2 2 2 2 2 2 2 2 2 2 2 2
left_child=1 4 -2 -3 -1 6 7 -4 -6 11 -11 -10 13 -7
right_child=2 3 5 -5 8 12 -8 -9 9 10 -12 -13 -14 -15
leaf_value=-0.014323576877323892 -0.039327743924137917 0.040186355943559814 0.01915850410621155 -0.033310021202361331 0.018538692435062613 -0.012279914909368727 -0.0071567290750920113 -0.015851001067492307 0.020205016013378881 -0.0070519225587635896 -0.034784415564310278 -0.0015631370300249845 -0.016918470605712676 0.040418793491709418
leaf_weight=41.603359178174287 1.6320737125352014 6.0682960003614417 27.769983139354736 0.64686405286192883 7.8614938631653777 1.4052027687430371 12.312892488203941 4.4438811903819433 11.909728448837994 38.298135404009372 7.7337466911412767 80.367299581877887 1.0373933296650637 10.428578566759823
leaf_count=2832 28 64 466 10 251 20 236 135 335 1647 300 2823 21 102
internal_value=1.20822e-10 -0.00339678 0.0110617 0.0297067 -0.00473172 0.0131434 0.00811879 0.0139971 -0.00192289 -0.00321065 -0.0123517 0.00143286 0.0286871 0.0336918
internal_weight=253.519 194.489 59.03 6.71516 187.774 57.3979 44.5268 32.2139 146.17 138.309 46.0319 92.277 12.8712 11.8338
internal_count=9270 8262 1008 74 8188 980 837 601 5356 5105 1947 3158 143 122
is_linear=0
shrinkage=0.05


Tree=34
num_leaves=15
num_cat=0
split_feature=6 4 7 4 10 7 5 12 10 6 12 4 2 1
split_gain=3.19133 4.06861 2.34876 1.76933 2.03276 1.84787 2.19466 2.14604 1.59693 1.93053 2.02565 1.62409 2.7133 1.58225
threshold=0.025614282555239589 0.19398772866322536 0.047479250697007765 0.063794651734372945 0.97191011235955072 0.069457363727385105 0.02208106354372321 -0.056179775280898854 0.96067415730337091 0.02643804622114743 0.067415730337078636 -0.11671593278786845 -0.060612533429444997 -0.00085552972988012222
decision_type=2 2 2 2 2 2 2 2 2 2 2 2 2 2
left_child=1 3 -2 5 -5 -1 7 -7 9 -4 11 -11 13 -13
right_child=2 -3 8 4 -6 6 -8 -9 -10 10 -12 12 -14 -15
leaf_value=-0.015246746902627362 -0.038084933022158811 0.031866906808728897 0.027137523055810648 0.0084650495402616363 -0.027178631004408524 -0.019490941737241974 0.0081349690681641815 -0.0016394902892404993 0.027849331543258124 0.038655440838592577 -0.027752727054204004 -0.042546967472764902 0.0094555586379909181 0.018038280725110045
leaf_weight=45.551145309116691 1.4491319432854641 7.0388002209365359 8.706937803886829 36.60943928360939 3.4979875506833187 24.725567235611379 29.527837952598929 49.322729337960482 11.993347757495938 2.4925410179421261 4.0142930890433481 3.517677353695035 22.796628121286641 0.79594419896602531
leaf_count=2750 27 78 163 848 74 1191 805 2588 136 28 127 100 345 10
internal_value=5.13715e-11 -0.00300619 0.010447 -0.00446403 0.00477083 -0.00696296 -0.00320892 -0.00778058 0.0124069 0.00748916 0.00176324 0.00654183 0.00231918 -0.030077
internal_weight=252.04 196.274 55.7665 189.235 40.1074 149.127 103.576 74.0483 54.3174 42.324 33.6171 29.6028 27.1102 4.31362
internal_count=9270 8334 936 8256 922 7334 4584 3779 909 773 610 483 455 110
is_linear=0
shrinkage=0.05


Tree=35
num_leaves=15
num_cat=0
split_feature=5 7 7 6 7 7 4 9 10 14 4 21 7 3
split_gain=2.85974 2.24499 2.02106 1.44166 3.20305 2.35027 1.8638 1.81972 1.93527 2.68509 1.62871 1.8341 1.96711 1.37689
threshold=0.010999566093273546 0.23411600798910373 0.021844861954281928 0.025614282555239589 0.15392114634640039 0.047479250697007765 -0.11389627904820281 0.63370545380571897 0.44382022471910115 0.018560069622291977 0.063794651734372945 77.908134781008854 0.048692564160561287 -0.00057808725525670946
decision_type=2 2 2 2 2 2 2 2 2 2 2 2 2 2
left_child=-1 2 -2 10 5 -5 -6 8 9 13 -4 -12 -13 -7
right_child=1 -3 3 4 6 7 -8 -9 -10 -11 11 12 -14 -15
leaf_value=-0.011571541456700161 0.033030310102839779 0.033382212966610363 -0.0045961434933686788 -0.037202990649239008 0.0059216195060247667 0.023524393560970001 -0.050036005787773369 -0.014678822889029431 0.024913126307721013 -0.040545933296717407 0.012902069959300953 0.011189081795308725 -0.039379080600804917 -0.012904866158835361
leaf_weight=43.071978962514549 3.9802908478304735 4.7067551547661415 113.83649732451886 1.363839579746126 2.2366509409621358 7.0800150996074072 2.5452075805515042 4.0548638803884378 27.766697161830962 2.0553438225761047 28.67055016476661 3.0744161680340758 2.9564415169879794 3.0542225912213317
leaf_count=2923 63 44 4759 27 51 134 96 81 345 60 515 46 67 59
internal_value=2.34428e-10 0.00244734 0.00156856 0.000776065 0.00801812 0.0122567 -0.0273652 0.0145818 0.0178372 0.00105208 -0.00170663 0.00763554 -0.0156755 0.0123725
internal_weight=250.454 207.382 202.675 198.695 50.1568 45.375 4.78186 44.0111 39.9563 12.1896 148.538 34.7014 6.03086 10.1342
internal_count=9270 6347 6303 6240 853 706 147 679 598 253 5387 628 113 193
is_linear=0
shrinkage=0.05


Tree=36
num_leaves=15
num_cat=0
split_feature=5 11 9 2 2 7 4 5 21 14 16 12 6 7
split_gain=2.83536 1.97161 1.66116 1.78911 1.90949 1.5203 1.5661 1.3903 1.53208 1.73683 1.62992 1.5975 1.96619 1.47361
threshold=0.010649446260398689 0.98314606741573041 0.21261674774859121 0.037519786096258174 0.024968989935644118 0.23411600798910373 -0.10201851370653979 0.039307114566529723 70.255991575653383 0.022566823884922465 0.01075488178717931 0.11797752808988766 0.016807348738413028 0.11310058879971914
decision_type=2 2 2 2 2 2 2 2 2 2 2 2 2 2
left_child=-1 5 3 4 -3 7 -7 8 9 11 -11 12 13 -2
right_child=1 2 -4 -5 -6 6 -8 -9 -10 10 -12 -13 -14 -15
leaf_value=-0.012222703676797283 -0.013945599021936076 0.019642620356665964 -0.0061316114139343802 0.045304418783835301 -0.035661050267534904 0.040646397605714618 -0.023769795750168007 -0.029838474645979492 0.0089914323814861141 -0.034660891107998797 -0.0030611749169913642 -0.010946705366063866 0.0068620958556041131 0.018116235842075404
leaf_weight=38.900529400445521 21.399952997453514 5.7849592566490191 4.8262809598818412 5.7610362060368061 1.0558200050145385 3.2325506145134573 0.50192821212112804 2.7983395159244528 42.090312975458801 6.2838657661341157 9.773111056070773 24.589742146898061 78.478345146868378 3.375392405781894
leaf_count=2701 1200 63 72 46 15 25 10 68 1007 294 403 1250 1956 160
internal_value=-3.20606e-10 0.00231187 0.0179369 0.0269278 0.00764741 0.000812047 0.0287967 0.000109663 0.000717413 -0.00174806 -0.0167347 0.000249524 0.00299532 -0.00904411
internal_weight=248.852 209.952 17.4281 12.6018 6.84078 192.524 3.73448 188.789 185.991 143.9 16.057 127.843 103.254 24.7753
internal_count=9270 6569 196 124 78 6373 35 6338 6270 5263 697 4566 3316 1360
is_linear=0
shrinkage=0.05


Tree=37
num_leaves=15
num_cat=0
split_feature=6 4 7 7 12 12 8 9 5 10 4 11 2 7
split_gain=2.55547 3.26223 1.74496 1.59086 1.42266 1.59652 2.17179 1.39435 1.34952 1.56986 1.76453 1.51471 1.30994 1.15949
threshold=0.025614282555239589 0.22243687806385651 0.047479250697007765 0.052831062812136183 0.1404494382022472 -0.37640449438202234 0.41918664732613414 -0.45213240989182624 0.010950463128555989 0.97191011235955072 0.063794651734372945 0.050561797752808994 0.058702299650153396 0.083797876578534672
decision_type=2 2 2 2 2 2 2 2 2 2 2 2 2 2
left_child=1 8 -2 -3 5 -4 7 -7 -1 10 11 -10 -6 -9
right_child=2 3 4 -5 12 6 -8 13 9 -11 -12 -13 -14 -15
leaf_value=-0.011888331669164092 -0.034173448112110642 0.040614290674236962 -0.0017061590991716688 -0.023415200683348281 -0.026838398757140114 -0.021670820113938668 -0.010678504012041576 0.008893139982228215 0.016155279831445189 -0.026059713663348218 0.010012088055113725 -0.0051055548748006789 0.016412073609596584 0.03209903817390751
leaf_weight=40.136583763640374 1.2555646197870363 4.9961608573794356 11.957982139661906 0.48379607126116742 3.5781962447799733 0.886401173658668 4.6783686820417634 8.3867897526361102 8.1323960907757264 5.2999313576146951 30.065785904880613 104.26322030322626 1.9913209583610294 21.252861803397536
leaf_count=2837 27 52 220 5 122 25 92 115 255 129 563 4493 37 298
internal_value=2.19255e-11 -0.00269213 0.00951654 0.0322203 0.0111735 0.0139974 0.0192313 0.0240085 -0.00387552 -0.0016337 -0.000549676 -0.00343832 -0.0112303 0.0260373
internal_weight=247.365 193.378 53.9875 5.47996 52.7319 47.1624 35.2044 30.5261 187.898 147.761 142.461 112.396 5.56952 29.6397
internal_count=9270 8334 936 57 909 750 530 438 8277 5440 5311 4748 159 413
is_linear=0
shrinkage=0.05


Tree=38
num_leaves=15
num_cat=0
split_feature=6 4 7 5 12 12 8 4 10 9 7 7 15 0
split_gain=2.31206 3.19687 1.46781 1.44569 1.43801 1.51891 1.88816 1.42877 1.44895 1.25742 1.29646 2.07537 1.45564 1.45277
threshold=0.025614282555239589 0.22243687806385651 0.047479250697007765 0.020862227339922493 0.1404494382022472 -0.37640449438202234 0.41918664732613414 0.049612904056594138 0.96067415730337091 -0.45213240989182624 0.083797876578534672 0.059293730397933515 0.7777777777777779 -0.034663245406416902
decision_type=2 2 2 2 2 2 2 2 2 2 2 2 2 2
left_child=1 3 -2 7 5 -4 9 -1 -9 -7 11 -11 13 -13
right_child=2 -3 4 -5 -6 6 -8 8 -10 10 -12 12 -14 -15
leaf_value=-0.0095747965346903788 -0.031692662857018265 0.032907809389031921 -0.0020214659171662367 0.0032790682580032073 -0.012280274914213692 -0.020771980694193969 -0.0097342519396233698 0.0051904453766742657 -0.026589394118395889 0.031218854803694043 0.030959312505309779 0.017673770811188719 0.018308821680706341 -0.044833765631767462
leaf_weight=97.983242895454168 1.1875181300565589 5.1566955186426631 11.877531626261769 52.400638920720667 5.3865512278862289 0.87118179257959028 4.6144079295918337 33.583803916815668 3.0062043815851203 3.6263981489464694 21.611431119963527 0.65696674585342441 1.5704130232334135 2.4895314364694059
leaf_count=5898 27 57 220 1326 159 25 92 981 72 36 298 7 23 49
internal_value=-1.24019e-10 -0.00257367 0.00905514 -0.0037221 0.0105463 0.0133452 0.0184093 -0.00645232 0.00194155 0.0227957 0.0246929 0.00688494 -0.0140115 -0.0306678
internal_weight=246.023 192.131 53.8919 186.974 52.7044 47.3179 35.4403 134.573 36.59 30.8259 29.9547 8.34331 4.71691 3.1465
internal_count=9270 8334 936 8277 909 750 530 6951 1053 438 413 115 79 56
is_linear=0
shrinkage=0.05


Tree=39
num_leaves=15
num_cat=0
split_feature=5 4 8 21 4 16 3 7 0 16 8 14 6 8
split_gain=2.11427 2.76631 1.38832 1.99186 1.85746 1.85371 1.42866 1.75115 1.27057 1.87393 1.6014 1.21019 1.71158 1.3884
threshold=0.020674522415802424 0.17941002759768557 0.41918664732613414 72.5686852103197 0.060380318434196008 0.010098909458681712 0.043054790840222464 0.052831062812136183 0.022219355149569301 0.014628786065523426 0.11408410797090553 -0.035986502705812266 0.018366699708290152 0.034928769710399717
decision_type=2 2 2 2 2 2 2 2 2 2 2 2 2 2
left_child=1 -1 3 5 -4 -2 11 -8 -5 10 -10 -7 -13 -14
right_child=2 -3 4 8 -6 6 7 -9 9 -11 -12 12 13 -15
leaf_value=-0.0051068898675684753 -0.017520791832246429 0.028043120064890317 0.004702798655740156 0.034078008300708278 -0.033596222541473285 -0.0020469705668813144 0.020313536154293536 -0.021542358319697114 0.010778248844585574 0.024230890908988414 -0.053825777681456716 -0.010678879166512455 0.0252946364920008 0.0006609843180532093
leaf_weight=144.14711251063272 7.6586033189669243 5.5919117815792552 8.1590428147464973 9.6245719138532859 3.9711416009813538 13.344458274543276 2.6852349657565338 7.2243878031149507 1.3179194172844284 3.7148117097094655 0.99945988506078709 4.8095485828816953 23.766441185493026 7.508852729573845
leaf_count=7181 236 73 200 139 85 281 36 120 17 52 18 176 480 176
internal_value=1.2039e-10 -0.0036911 0.0058088 0.00813265 -0.0094392 0.00421577 0.00726509 -0.00937819 0.0236342 0.00449429 -0.024911 0.0107215 0.0153713 0.0195841
internal_weight=244.523 149.739 94.7845 82.6543 12.1302 66.9975 59.3389 9.90962 15.6568 6.03219 2.31738 49.4293 36.0848 31.2753
internal_count=9270 7254 2016 1731 285 1505 1269 156 226 87 35 1113 832 656
is_linear=0
shrinkage=0.05


end of trees

feature_importances:
volatility_5d=74
drawdown_20d=74
rank_pct_20d=66
momentum_10d=45
momentum_20d=45
volatility_20d=44
market_return_5d=38
volume_change_5d=26
amount_change_5d=26
rank_pct_5d=22
rank_momentum_5d=18
momentum_3d=17
rule_direction_score=16
momentum_5d=13
market_dispersion_1d=12
market_breadth_1d=10
market_return_1d=7
momentum_1d=4
rule_time_series_score=2
rule_rank_momentum_score=1

parameters:
[boosting: gbdt]
[objective: lambdarank]
[metric: ndcg]
[tree_learner: serial]
[device_type: cpu]
[data_sample_strategy: bagging]
[data: ]
[valid: ]
[num_iterations: 40]
[learning_rate: 0.05]
[num_leaves: 15]
[num_threads: 1]
[seed: 20260721]
[deterministic: 1]
[force_col_wise: 1]
[force_row_wise: 0]
[histogram_pool_size: -1]
[max_depth: -1]
[min_data_in_leaf: 2]
[min_sum_hessian_in_leaf: 0.001]
[bagging_fraction: 1]
[pos_bagging_fraction: 1]
[neg_bagging_fraction: 1]
[bagging_freq: 0]
[bagging_seed: 11591]
[bagging_by_query: 0]
[feature_fraction: 1]
[feature_fraction_bynode: 1]
[feature_fraction_seed: 24120]
[extra_trees: 0]
[extra_seed: 12737]
[early_stopping_round: 0]
[early_stopping_min_delta: 0]
[first_metric_only: 0]
[max_delta_step: 0]
[lambda_l1: 0]
[lambda_l2: 1]
[linear_lambda: 0]
[min_gain_to_split: 0]
[drop_rate: 0.1]
[max_drop: 50]
[skip_drop: 0.5]
[xgboost_dart_mode: 0]
[uniform_drop: 0]
[drop_seed: 6762]
[top_rate: 0.2]
[other_rate: 0.1]
[min_data_per_group: 100]
[max_cat_threshold: 32]
[cat_l2: 10]
[cat_smooth: 10]
[max_cat_to_onehot: 4]
[top_k: 20]
[monotone_constraints: ]
[monotone_constraints_method: basic]
[monotone_penalty: 0]
[feature_contri: ]
[forcedsplits_filename: ]
[refit_decay_rate: 0.9]
[cegb_tradeoff: 1]
[cegb_penalty_split: 0]
[cegb_penalty_feature_lazy: ]
[cegb_penalty_feature_coupled: ]
[path_smooth: 0]
[interaction_constraints: ]
[verbosity: -1]
[saved_feature_importance_type: 0]
[use_quantized_grad: 0]
[num_grad_quant_bins: 4]
[quant_train_renew_leaf: 0]
[stochastic_rounding: 1]
[linear_tree: 0]
[max_bin: 255]
[max_bin_by_feature: ]
[min_data_in_bin: 3]
[bin_construct_sample_cnt: 200000]
[data_random_seed: 4436]
[is_enable_sparse: 1]
[enable_bundle: 1]
[use_missing: 1]
[zero_as_missing: 0]
[feature_pre_filter: 1]
[pre_partition: 0]
[two_round: 0]
[header: 0]
[label_column: ]
[weight_column: ]
[group_column: ]
[ignore_column: ]
[categorical_feature: ]
[forcedbins_filename: ]
[precise_float_parser: 0]
[parser_config_file: ]
[objective_seed: 18074]
[num_class: 1]
[is_unbalance: 0]
[scale_pos_weight: 1]
[sigmoid: 1]
[boost_from_average: 1]
[reg_sqrt: 0]
[alpha: 0.9]
[fair_c: 1]
[poisson_max_delta_step: 0.7]
[tweedie_variance_power: 1.5]
[lambdarank_truncation_level: 30]
[lambdarank_norm: 1]
[label_gain: 0,1,3,7,15]
[lambdarank_position_bias_regularization: 0]
[eval_at: 1,2,3,4,5]
[multi_error_top_k: 1]
[auc_mu_weights: ]
[num_machines: 1]
[local_listen_port: 12400]
[time_out: 120]
[machine_list_filename: ]
[machines: ]
[gpu_platform_id: -1]
[gpu_device_id: -1]
[gpu_use_dp: 0]
[num_gpu: 1]

end of parameters

pandas_categorical:null
