tree
version=v4
num_class=1
num_tree_per_iteration=1
label_index=0
max_feature_idx=3
objective=lambdarank
feature_names=rule_time_series_score rule_cross_section_score rule_rank_momentum_score rule_direction_score
feature_infos=[0:100] [0:100] [0:100] [0:100]
tree_sizes=1727 1711 1712 1722 1713 1721 1720 1724 1722 1717 1713 1712 1722 1717 1710 1712 1710 1708 1721 1716 1729 1728 1717 1724 1720 1726 1721 1727 1731 1731 1728 1731 1732 1731 1738 1751 1735 1750 1747 1737

Tree=0
num_leaves=15
num_cat=0
split_feature=0 2 2 1 2 1 3 1 2 2 2 3 2 3
split_gain=8.491 3.019 2.71922 3.69386 2.55093 2.19776 0.966345 1.85289 3.35511 1.65074 1.21395 1.00863 2.1803 1.03783
threshold=74.204215523870985 83.146067415730343 89.887640449438223 88.202247191011253 7.8651685393258459 10.674157303370787 67.578209849788735 60.112359550561813 44.943820224719111 66.2921348314607 80.898876404494402 33.090908978739165 49.438202247191022 53.259593129753242
decision_type=2 2 2 2 2 2 2 2 2 2 2 2 2 2
left_child=2 -2 3 4 5 -1 7 11 -9 -8 -10 12 -6 -13
right_child=1 -3 -4 -5 6 -7 9 8 10 -11 -12 13 -14 -15
leaf_value=-0.008120986231086702 0.035644356468345337 -0.014738606692357652 -0.023602068607385902 0.023523490305304158 -0.0086139438845401883 0.026511071644550372 0.0095151427073585822 0.025839791886676445 -0.010619992494874088 -0.041080146655469225 0.021050668236816561 -0.015486791984790325 0.020502712323318857 0.0020322513939118542
leaf_weight=6.8415645486675229 19.088485834654424 2.9231629888527086 14.602044345811008 12.321447746362535 26.615673958323896 10.879700195044277 1.9576003625988949 11.203430937603114 20.553656487260017 3.7513275779783726 2.5725169288925818 50.999996480066329 7.3874883288517585 9.8371244836598617
leaf_count=372 733 125 728 504 1199 458 98 481 958 159 113 2492 336 514
internal_value=3.06241e-10 0.0286037 -0.00364617 -0.00174769 -0.00392803 0.0134212 -0.00628949 -0.00528206 0.00457515 -0.0248986 -0.0063705 -0.00886061 -0.00188308 -0.012667
internal_weight=201.535 22.0116 179.524 164.922 152.6 17.7213 134.879 129.17 34.3296 5.70893 23.1262 94.8403 34.0032 60.8371
internal_count=9270 858 8412 7684 7180 830 6350 6093 1552 257 1071 4541 1535 3006
is_linear=0
shrinkage=0.05


Tree=1
num_leaves=15
num_cat=0
split_feature=0 2 1 0 1 2 2 1 3 1 0 3 0 1
split_gain=19.318 14.3457 6.33749 9.14913 5.17184 5.00244 4.84414 4.90854 3.76983 3.73073 3.63141 3.06961 5.45745 4.69637
threshold=73.027079129233371 7.8651685393258459 62.359550561797754 21.456683636194864 28.651685393258429 53.932584269662932 52.808988764044962 67.977528089887656 87.249028112335694 19.662921348314608 76.182040460544258 89.814349396264618 80.782340540022219 98.314606741573044
decision_type=2 2 2 2 2 2 2 2 2 2 2 2 2 2
left_child=1 4 3 -3 9 -4 7 -2 10 -1 -8 12 13 -9
right_child=6 2 5 -5 -6 -7 8 11 -10 -11 -12 -13 -14 -15
leaf_value=0.011029336033044864 -0.030716545522716094 0.011475563146968331 0.0055294021344096146 -0.026116290861640593 0.030805511460703788 -0.015530086069506288 0.020225987550384697 0.019243480137369557 0.023157316649290809 -0.016858568366170272 -0.013250861613653662 0.0019749495069188625 0.04067492559030092 -0.038789550627676708
leaf_weight=41.047899359371513 3.2459166320040813 18.425034256186336 60.262408232782036 107.83983245072886 23.149157851934433 51.384072015061975 10.059192132204769 22.892688576132063 16.818406871519983 15.801318909972904 29.525335223414004 11.890676714479921 41.86394626647234 3.1300963424146167
leaf_count=566 46 590 981 4284 150 1657 111 135 120 114 266 39 202 9
internal_value=1.35314e-10 -0.00680419 -0.0129519 -0.0205837 0.0114131 -0.00421482 0.0154524 0.0230662 0.00403851 0.00312043 -0.004455 0.0256077 0.0296583 0.011086
internal_weight=457.336 317.91 237.911 126.265 79.9984 111.646 139.426 83.0233 56.4029 56.8492 39.5845 79.7774 67.8867 26.0228
internal_count=9270 8342 7512 4874 830 2638 928 431 497 680 377 385 346 144
is_linear=0
shrinkage=0.05


Tree=2
num_leaves=15
num_cat=0
split_feature=0 2 1 0 2 1 2 0 1 2 2 0 3 3
split_gain=26.2176 13.9708 9.68399 10.6702 6.81016 6.74918 5.95189 5.63543 3.65436 5.06075 3.35608 3.2379 4.94743 3.20742
threshold=80.782340540022219 7.8651685393258459 75.842696629213492 20.014449265768551 48.314606741573051 10.674157303370787 59.550561797752813 46.645991808782057 60.112359550561813 34.83146067415732 48.314606741573051 34.473771193874974 12.516579646880226 89.814349396264618
decision_type=2 2 2 2 2 2 2 2 2 2 2 2 2 2
left_child=1 5 3 10 -2 -1 7 -4 -5 -10 -3 12 -7 -6
right_child=4 2 6 8 13 11 -8 -9 9 -11 -12 -13 -14 -15
leaf_value=-0.015789185823402774 0.051772802917780802 -0.011378026245574911 -0.029365873102406043 -0.029861599639446037 0.022853854209492038 -0.017778302689503624 -0.015274072061567757 0.017098828035303822 0.015085145522197122 -0.021410169512575589 0.022760883385658973 0.0078546381686954245 0.038223011995864219 -0.0047853217052709687
leaf_weight=16.180486732162535 18.204128870740533 11.180041282437744 6.5491363732144228 93.639193254988641 49.118812329135835 3.9797134026885059 31.878144270740449 50.516865344252437 11.714434571564196 38.512523838318884 17.039916246198118 31.034557601436973 27.417302345857024 12.887622466310857
leaf_count=372 77 323 147 4233 325 25 943 693 158 1245 189 264 170 106
internal_value=-1.77166e-10 -0.00608616 -0.0116445 -0.0185354 0.0255287 0.0122848 0.00174562 0.0113524 -0.0240239 -0.01277 0.00930938 0.019695 0.0307949 0.0171245
internal_weight=419.853 339.642 261.03 172.086 80.2106 78.6121 88.9441 57.066 143.866 50.227 28.22 62.4316 31.397 62.0064
internal_count=9270 8762 7931 6148 508 831 1783 840 5636 1403 512 459 195 431
is_linear=0
shrinkage=0.05


Tree=3
num_leaves=15
num_cat=0
split_feature=0 2 1 0 1 2 2 1 2 0 0 1 1 0
split_gain=24.4064 9.97598 8.3674 9.06088 6.95156 6.43123 6.23775 3.50633 6.10182 3.05427 2.87414 3.28362 2.3447 2.14715
threshold=80.782340540022219 7.8651685393258459 75.842696629213492 20.014449265768551 29.775280898876407 50.561797752808992 49.438202247191022 60.112359550561813 34.83146067415732 46.645991808782057 42.253926937747813 1.6853932584269666 88.202247191011253 25.392549209341293
decision_type=2 2 2 2 2 2 2 2 2 2 2 2 2 2
left_child=1 4 3 -3 10 -2 9 -5 -9 -4 11 -1 -8 -13
right_child=5 2 6 7 -6 -7 12 8 -10 -11 -12 13 -14 -15
leaf_value=-0.036569051334998715 0.040125764380465542 0.0069521730351249332 -0.023706871323772003 -0.029046092892026844 0.031458421493630921 0.0095043578429904393 -0.021224193040793232 0.016362825019118853 -0.023200490947677895 0.022196099693402749 -0.027583811691076401 0.021480321003841417 -0.00046748663027700721 -0.0023797363823136321
leaf_weight=3.3662758953869334 38.217720203101635 30.513536720536649 3.2399182645604006 85.084898203145713 24.66001945734024 31.885901868343353 21.946185731794685 13.15494812838733 31.131570869591087 32.67041396163404 7.3472029138356438 17.41259778290987 33.5361198624596 18.958508377894759
leaf_count=92 166 512 89 4233 139 342 759 158 1245 338 134 234 597 232
internal_value=-2.07449e-10 -0.00582121 -0.0105103 -0.0173739 0.0105206 0.0265275 0.00155507 -0.0231207 -0.0113467 0.0175245 -0.0008715 0.00462332 -0.00890827 0.00931234
internal_weight=393.126 323.022 251.278 159.885 71.7446 70.1036 91.3926 129.371 44.2865 35.9103 47.0846 39.7374 55.4823 36.3711
internal_count=9270 8762 7931 6148 831 508 1783 5636 1403 427 692 558 1356 466
is_linear=0
shrinkage=0.05


Tree=4
num_leaves=15
num_cat=0
split_feature=0 2 2 1 2 0 1 2 1 3 2 0 1 0
split_gain=18.1222 8.07987 5.79597 5.56128 8.15079 4.87062 6.01436 5.81205 4.14203 3.73591 3.64712 2.67303 2.5808 2.45563
threshold=80.782340540022219 61.797752808988768 51.68539325842697 81.460674157303387 7.8651685393258459 20.014449265768551 58.988764044943828 35.955056179775291 32.022471910112365 89.814349396264618 48.314606741573051 51.918133868264512 84.831460674157313 34.473771193874974
decision_type=2 2 2 2 2 2 2 2 2 2 2 2 2 2
left_child=1 3 9 4 8 -6 -7 -8 11 12 -5 -1 -2 -10
right_child=2 -3 -4 10 5 6 7 -9 13 -11 -12 -13 -14 -15
leaf_value=0.0028787852902781141 0.0067808719609933682 -0.020531260196919032 0.0024637159145976693 0.02822983911359446 0.008133214229287717 -0.027895696112354259 0.018218845496603367 -0.018628519661759824 0.044410951140463173 -0.018001123806108094 0.0011193251588654137 -0.041632068075116865 0.042592959163145518 0.01172516971880664
leaf_weight=45.804709841031581 6.3305963687598696 65.701862469315529 22.273412557318807 22.701443390920758 22.34328518435359 56.550758307334036 17.754697388038039 23.956299175042659 8.7691703736782092 2.6971929576247922 26.210535121150315 2.6349748130887738 35.271698798984289 16.570830468088388
leaf_count=666 33 2816 301 228 445 2996 235 781 32 32 430 48 142 85
internal_value=4.07731e-10 -0.00511426 0.0234622 -0.00088392 -0.00468555 -0.0126539 -0.0174148 -0.00288474 0.008335 0.0337327 0.0140156 -0.000335577 0.0374305 0.0242931
internal_weight=375.571 308.999 66.5729 243.297 194.385 120.605 98.2618 41.711 73.7797 44.2995 48.912 48.4397 41.6023 25.34
internal_count=9270 8762 508 5946 5288 4457 4012 1016 831 207 658 714 175 117
is_linear=0
shrinkage=0.05


Tree=5
num_leaves=15
num_cat=0
split_feature=0 2 2 1 2 0 1 1 2 0 3 2 1 2
split_gain=17.0041 7.48457 6.84525 4.05073 6.7556 5.3142 3.89037 3.42338 2.96121 2.33201 2.26046 2.25627 2.2491 2.12753
threshold=79.305379300093989 51.68539325842697 61.797752808988768 81.460674157303387 22.471910112359556 20.014449265768551 58.988764044943828 28.651685393258429 39.32584269662923 40.339903605957367 83.011271900257341 35.955056179775291 1.6853932584269666 50.561797752808992
decision_type=2 2 2 2 2 2 2 2 2 2 2 2 2 2
left_child=2 -2 3 4 7 13 -7 9 -5 12 -3 -8 -1 -6
right_child=1 10 -4 8 5 6 11 -9 -10 -11 -12 -13 -14 -15
leaf_value=-0.031679400709275267 0.035207681022000323 -0.022922121126116357 -0.020239800036973666 0.048888416087413858 -0.0025875400882534681 -0.028166784486111342 0.0066737749740736685 0.01752361344531787 0.007213626613540268 -0.025207073053356101 0.00985331101574256 -0.017139756220576008 0.0063437120474054438 0.029393724670606199
leaf_weight=3.3421174762770525 42.191070502623916 6.6022340375930098 58.55342635512352 3.7760763373225918 13.861733204685153 46.202448357827961 17.303506362251937 35.423160369507968 45.870333534665406 8.3580580931156856 16.079958965070546 21.140462754759938 36.662426058202982 7.1868715696036807
leaf_count=106 235 111 2786 25 298 2501 213 424 609 259 232 766 629 76
internal_value=5.92186e-10 0.022994 -0.00507128 -0.00128824 -0.00462484 -0.0129779 -0.0185282 0.00594133 0.0112861 -0.00272525 -0.000251885 -0.0065239 0.00247202 0.00917007
internal_weight=362.554 64.8733 297.681 239.127 189.481 105.695 84.6464 83.7858 49.6464 48.3626 22.6822 38.444 40.0045 21.0486
internal_count=9270 578 8692 5906 5272 3854 3480 1418 634 994 343 979 735 374
is_linear=0
shrinkage=0.05


Tree=6
num_leaves=15
num_cat=0
split_feature=0 2 1 2 0 1 2 2 2 1 2 3 2 0
split_gain=14.9008 6.46665 4.7456 5.17195 4.94522 4.62054 4.4986 3.93969 3.53017 3.09049 2.59114 2.56273 2.21872 1.85591
threshold=80.782340540022219 61.797752808988768 81.460674157303387 7.8651685393258459 20.014449265768551 58.988764044943828 52.808988764044962 39.32584269662923 24.719101123595511 10.674157303370787 48.314606741573051 61.085104457845681 39.32584269662923 34.473771193874974
decision_type=2 2 2 2 2 2 2 2 2 2 2 2 2 2
left_child=1 2 3 9 10 -6 12 -4 -7 -1 -5 -9 -2 -11
right_child=6 -3 7 4 5 8 -8 11 -10 13 -12 -13 -14 -15
leaf_value=-0.012619358590661029 -0.026295506024496686 -0.019290087829740017 0.047706708590531811 -0.0072013898381799862 -0.025627977722569164 0.038086128383662286 -0.00066844730452538697 -0.022300814579878446 -0.0081857321777425458 0.02161423274384297 0.02421872850351417 0.011120913679034762 0.03304387562686658 0.0025502620080581863
leaf_weight=15.427794941700993 0.92853212356567283 58.443505220115185 5.8089564032852641 12.383478244766595 53.58621304994449 3.6555305775254956 14.818925296887754 5.6542108096182337 35.277045865543187 25.421134736388922 12.160534301772712 42.814343177713454 41.660832021385431 25.289092412218451
leaf_count=372 8 2816 26 325 2996 39 263 119 977 195 120 513 237 264
internal_value=-2.56239e-10 -0.00454124 -0.000845876 -0.00469823 -0.0109791 -0.0162382 0.0230857 0.0120066 -0.00299613 0.00641676 0.00870465 0.00685003 0.0311766 0.0123402
internal_weight=353.33 295.922 237.478 183.201 117.063 92.5188 57.4083 54.2775 38.9326 66.138 24.544 48.4686 42.5894 50.7102
internal_count=9270 8762 5946 5288 4457 4012 508 658 1016 831 445 632 245 459
is_linear=0
shrinkage=0.05


Tree=7
num_leaves=15
num_cat=0
split_feature=0 2 2 1 2 0 1 2 1 2 3 1 0 3
split_gain=12.6275 5.7745 4.81228 3.18002 4.79974 4.73129 4.62585 2.94197 2.86293 2.5646 2.35488 2.04936 2.41126 1.85501
threshold=78.602831197652691 56.17977528089888 52.808988764044962 81.460674157303387 22.471910112359556 20.014449265768551 44.382022471910119 39.32584269662923 58.988764044943828 48.314606741573051 89.814349396264618 1.6853932584269666 31.972107350243572 22.542381593479515
decision_type=2 2 2 2 2 2 2 2 2 2 2 2 2 2
left_child=1 3 10 4 6 9 11 -5 -7 -6 -2 -1 13 -13
right_child=2 -3 -4 7 5 8 -8 -9 -10 -11 -12 12 -14 -15
leaf_value=-0.033374769833290512 0.031121875111295817 -0.016612341582855877 -0.0032871870514278242 0.044771896239608623 -0.0075054009073349222 -0.026685625853176714 0.034249234909550147 0.0064371016092053708 -0.0060629777170039412 0.028505124942344747 -0.009102233521364805 0.0053108545813413703 -0.0073409169794603898 0.033237733572111287
leaf_weight=3.2195791071280828 43.474260898306966 72.425329982768744 16.294714082032442 4.8968127258121958 9.2075116094201821 37.186321703251451 10.828575320541857 36.685726675204933 31.427335539832711 8.9139941800385696 3.531377423554658 28.576680468395352 31.752362951636314 6.6975577175617209
leaf_count=108 250 3406 324 25 254 2155 160 494 817 88 39 433 633 84
internal_value=4.08624e-10 -0.00454719 0.0200003 -0.00031493 -0.00339351 -0.0115079 0.00532181 0.0118969 -0.0174626 0.0107726 0.0279733 0.000444472 0.00253569 0.0113835
internal_weight=345.118 281.818 63.3004 209.392 167.81 86.7352 81.0748 41.5825 68.6137 18.1215 47.0056 70.2462 67.0266 35.2742
internal_count=9270 8657 613 5251 4732 3314 1418 519 2972 342 289 1258 1150 517
is_linear=0
shrinkage=0.05


Tree=8
num_leaves=15
num_cat=0
split_feature=2 3 2 3 2 1 0 1 0 1 0 2 3 0
split_gain=11.4044 11.3991 4.47168 3.12784 3.09053 6.24944 3.9494 5.83961 2.99593 2.84182 3.03327 2.68597 1.95965 1.94684
threshold=56.17977528089888 68.590560102302632 48.314606741573051 83.011271900257341 22.471910112359556 32.022471910112365 20.014449265768551 58.988764044943828 46.858299719875504 93.820224719101134 94.077780841274858 49.438202247191022 81.57241277677376 40.339903605957367
decision_type=2 2 2 2 2 2 2 2 2 2 2 2 2 2
left_child=1 4 9 12 5 13 11 -8 -9 10 -3 -6 -4 -1
right_child=-2 2 3 -5 6 -7 7 8 -10 -11 -12 -13 -14 -15
leaf_value=0.00055993341020648486 -0.016246447676764336 0.029884870352414356 0.0035695379568134061 0.024448340322746939 -0.0048450109021986269 0.024380327291178165 -0.026422645900931074 -0.021735377026639694 0.0057024848559855141 0.05750463718570157 -0.028743576395073012 0.030135375467132786 -0.038739895484881923 -0.023489859059304074
leaf_weight=37.802338520530611 81.000068262219429 16.364699242636568 18.779192882589999 21.144947314634919 10.541090715676548 28.673627080395818 36.102537543512881 11.937698101624845 42.074822302907705 10.369320273399351 1.7224940657615651 9.9331235941499454 2.1804345287382594 9.808221214450894
leaf_count=763 3654 120 252 169 275 355 2158 377 707 43 6 70 20 301
internal_value=-3.99677e-11 0.00515492 0.0221248 0.0113399 -0.00133636 0.006357 -0.00665263 -0.0111499 -0.000646621 0.0371557 0.0230881 0.0127389 -0.00239563 -0.00477585
internal_weight=338.435 257.435 70.5611 42.1046 186.873 76.2842 110.589 90.1151 54.0125 28.4565 18.0872 20.4742 20.9596 47.6106
internal_count=9270 5616 610 441 5006 1419 3587 3242 1084 169 126 345 272 1064
is_linear=0
shrinkage=0.05


Tree=9
num_leaves=15
num_cat=0
split_feature=1 2 2 0 1 2 0 0 0 1 2 0 0 1
split_gain=10.8876 9.83056 6.2275 6.96103 4.57639 3.73891 2.55105 2.37201 2.13863 1.86305 3.08223 1.79033 1.57837 1.54966
threshold=81.460674157303387 48.314606741573051 25.842696629213489 20.014449265768551 32.022471910112365 61.797752808988768 46.645991808782057 86.68411394591422 89.771194389778458 58.988764044943828 7.3033707865168589 31.972107350243572 40.339903605957367 62.359550561797754
decision_type=2 2 2 2 2 2 2 2 2 2 2 2 2 2
left_child=2 6 4 -4 12 7 -2 -3 -9 10 -6 -11 -1 -5
right_child=1 5 3 13 9 -7 -8 8 -10 11 -12 -13 -14 -15
leaf_value=-0.00087456992440374372 -0.022331756036376587 -0.0011209161257246733 0.011326302629650451 -0.02346844193634293 0.022912860201695671 -0.015870420670013641 0.03508071306314272 0.047485026732194263 0.011529774939463222 -0.022929732020076046 -0.011463599453682451 0.047776136184423813 -0.022535403062267718 -0.011122219899799644
leaf_weight=38.225963617675006 1.3875004807487119 29.597068813629448 23.220046726986766 63.951165951788425 18.349179323762659 20.653759809210896 37.408651176840067 4.5178827550262239 21.127896660938859 0.42818861268460651 9.0839707334525865 5.9901468381285667 9.8143019964918476 47.034692504443228
leaf_count=827 39 482 426 3770 111 756 249 35 190 7 296 48 331 1703
internal_value=-2.7819e-10 0.0123887 -0.00660201 -0.0131964 0.00423384 0.00181016 0.0325179 0.00858509 0.0194082 0.0180469 0.0115269 0.040604 -0.00566903 -0.0183823
internal_weight=330.79 114.693 216.098 134.206 81.8918 75.8966 38.7962 55.2428 25.6458 33.8515 27.4332 6.41834 48.0403 110.986
internal_count=9270 1751 7519 5899 1620 1463 288 707 225 462 407 55 1158 5473
is_linear=0
shrinkage=0.05


Tree=10
num_leaves=15
num_cat=0
split_feature=1 2 2 0 1 2 0 1 1 2 1 2 0 0
split_gain=11.1585 9.08955 5.27047 5.73224 4.3957 3.54071 2.38283 2.27224 1.79343 2.34713 1.60949 1.55003 1.41221 1.40065
threshold=81.460674157303387 57.303370786516858 24.719101123595511 20.014449265768551 55.617977528089902 48.314606741573051 86.68411394591422 93.820224719101134 30.898876404494384 7.3033707865168589 90.449438202247208 48.314606741573051 80.782340540022219 46.645991808782057
decision_type=2 2 2 2 2 2 2 2 2 2 2 2 2 2
left_child=2 5 4 11 8 7 -7 10 -1 -10 13 -4 -12 -2
right_child=1 -3 3 -5 -6 6 -8 -9 9 -11 12 -13 -14 -15
leaf_value=-0.006483829623594943 -0.016540871794041494 -0.013354434832823914 -0.005616946948989435 -0.017500582084615697 0.03760346131622691 -0.00016234685046763954 0.022090623949792887 0.048920234494069681 0.019123711114848698 -0.012442983063113668 -0.01513129549123572 0.019754300477459588 0.028752087832201623 0.030915130092999607
leaf_weight=45.565844665747136 1.0663159526884616 25.314384942874312 9.6100286208093184 110.22622561175376 7.4376939721405497 24.88984392862767 22.256557684391737 12.10962745733559 18.346532024443153 7.6553581319749346 4.491442807018756 13.652547795325516 1.7524399757385252 20.92131544649601
leaf_count=1105 33 878 242 5536 69 392 193 52 122 253 37 192 10 156
internal_value=4.08008e-10 0.012645 -0.00674036 -0.0127644 0.00347027 0.0202338 0.0105833 0.0309835 -0.000546331 0.00971336 0.0218794 0.00947364 -0.000545874 0.0279943
internal_weight=325.296 112.802 212.494 133.489 79.0054 87.4875 47.1464 40.3411 71.5677 26.0019 28.2315 23.2626 6.24388 21.9876
internal_count=9270 1751 7519 5970 1549 873 585 288 1480 375 236 434 47 189
is_linear=0
shrinkage=0.05


Tree=11
num_leaves=15
num_cat=0
split_feature=1 2 2 0 1 0 2 1 2 3 3 0 3 0
split_gain=10.0693 9.67822 4.62601 4.80391 4.43306 3.46668 2.02271 1.61824 1.62164 1.61488 3.39319 2.27003 1.61986 2.00713
threshold=81.460674157303387 48.314606741573051 25.842696629213489 20.014449265768551 39.887640449438209 65.436741019198578 83.146067415730343 62.359550561797754 47.191011235955067 72.197437168313471 64.26354680128091 46.645991808782057 67.011048818460708 67.393026507079597
decision_type=2 2 2 2 2 2 2 2 2 2 2 2 2 2
left_child=2 9 4 -4 -1 -3 -7 -5 -9 10 11 -2 -12 -14
right_child=1 5 3 7 -6 6 -8 8 -10 -11 12 -13 13 -15
leaf_value=-0.0044357528051400764 -0.015045932142037277 -0.016047301341567486 0.0081448707713870101 -0.021842152250878794 0.021319336218556469 0.010989528637136219 -0.022278595718039931 0.0020730464219772759 -0.016967096198693188 0.042594253694688701 -0.020308973530864829 0.048878619147360733 0.032873955083243291 -0.015136048246146949
leaf_weight=56.761807711329311 1.1500105792656565 20.26411516405642 23.204305477440357 62.368807066231966 22.534848202951252 46.81613006349653 4.1197421606630078 18.806267153471708 25.891894769854844 18.29605346173048 4.2146185152232629 8.7201344519853574 4.6311241462826729 2.7922138273715973
leaf_count=1305 39 678 426 3770 315 638 147 434 1269 96 34 59 32 28
internal_value=-4.0192e-10 0.0121126 -0.00644285 -0.0122052 0.00305779 0.000972083 0.00792162 -0.0166501 -0.0090861 0.031528 0.0206402 0.0407315 0.00172612 0.0151624
internal_weight=320.572 111.004 209.568 130.271 79.2967 71.2 50.9359 107.067 44.6982 39.8042 21.5081 9.87015 11.638 7.42334
internal_count=9270 1751 7519 5899 1620 1463 785 5473 1703 288 192 98 94 60
is_linear=0
shrinkage=0.05


Tree=12
num_leaves=15
num_cat=0
split_feature=1 2 2 1 0 2 0 0 0 1 2 0 1 2
split_gain=10.589 9.80977 3.99177 4.28444 4.24481 3.04508 1.86058 1.8107 1.691 1.52695 1.57256 1.4793 1.38731 1.35866
threshold=81.460674157303387 48.314606741573051 24.719101123595511 58.988764044943828 20.014449265768551 59.550561797752813 17.200091230818824 26.047502814562016 86.68411394591422 32.022471910112365 7.3033707865168589 46.645991808782057 62.359550561797754 47.191011235955067
decision_type=2 2 2 2 2 2 2 2 2 2 2 2 2 2
left_child=2 11 3 6 -4 8 -1 -8 -3 -9 -11 -2 -6 -14
right_child=1 5 4 -5 12 -7 7 9 -10 10 -12 -13 13 -15
leaf_value=-0.019553853721223684 -0.015002853059007719 -0.00033088394998433509 0.0066965962318255405 0.038999810579519963 -0.020977108435531775 -0.013930572035762579 0.01692715914388223 -0.01127223883919367 0.01836658438970875 0.016779105384117029 -0.0098845811151066151 0.034072005453604663 0.00084494127921759272 -0.016609946100246707
leaf_weight=10.709305821917949 1.0647559370845545 26.232774872332811 24.445988684892654 6.2624293286353341 62.183598523493856 21.645825870335102 14.5866084350273 23.870457097887993 21.379116456955671 13.401462465524675 8.1375440070405585 37.797296922653913 19.458131800405681 24.818012541159987
leaf_count=247 39 438 434 41 3825 819 243 677 206 99 242 249 442 1269
internal_value=3.14891e-10 0.0126235 -0.00659477 0.00242517 -0.0118763 0.00123186 -0.00131298 0.00221021 0.00826993 -0.0027801 0.00671382 0.0323848 -0.0161638 -0.00908977
internal_weight=315.993 108.12 207.874 76.9678 130.906 69.2577 70.7054 59.9961 47.6119 45.4095 21.539 38.8621 106.46 44.2761
internal_count=9270 1751 7519 1549 5970 1463 1508 1261 644 1018 341 288 5536 1711
is_linear=0
shrinkage=0.05


Tree=13
num_leaves=15
num_cat=0
split_feature=1 2 2 1 0 0 1 2 2 3 3 0 1 1
split_gain=8.90034 9.03955 3.92056 5.32266 3.70737 2.57844 1.82373 1.61636 1.5227 1.46026 3.2728 1.60006 1.35762 1.34531
threshold=81.460674157303387 48.314606741573051 22.471910112359556 60.112359550561813 20.014449265768551 65.436741019198578 32.022471910112365 7.3033707865168589 83.146067415730343 68.852634552476886 64.26354680128091 46.645991808782057 88.202247191011253 58.988764044943828
decision_type=2 2 2 2 2 2 2 2 2 2 2 2 2 2
left_child=2 9 3 6 -4 -3 -1 -8 -7 10 11 -2 -11 -6
right_child=1 5 4 -5 13 8 7 -9 -10 12 -12 -13 -14 -15
leaf_value=-0.0065617903402039523 -0.014463968274477684 -0.014842093058104919 0.0062759513179244169 0.051961063244933062 -0.020304426989889952 0.0091808713730533401 0.019414752496446031 -0.0070017700678388977 -0.020798472241303434 0.014681445848656514 -0.010771214920665368 0.039619517179158674 0.045600477607158879 -0.0089076992881730339
leaf_weight=42.93544786144048 1.0595121812075401 18.820742570329458 24.396779056638479 4.2229531183838835 57.532785874325782 44.724560380913317 15.631445456296207 8.238093742169438 3.724019947461783 5.9920186474919346 6.0845854654908171 9.2781709618866426 17.040703266859055 51.315942130517215
leaf_count=1064 39 678 446 20 3637 638 111 224 147 46 58 59 86 2017
internal_value=2.30925e-10 0.0116389 -0.00610792 0.00335019 -0.0111371 0.000400731 -0.000443667 0.0103827 0.00650249 0.030316 0.0172835 0.0332896 0.0385024 -0.0150615
internal_weight=310.998 106.724 204.273 71.0279 133.246 67.2693 66.805 23.8695 48.4486 39.455 16.4223 10.3377 23.0327 108.849
internal_count=9270 1751 7519 1419 6100 1463 1399 335 785 288 156 98 132 5654
is_linear=0
shrinkage=0.05


Tree=14
num_leaves=15
num_cat=0
split_feature=1 2 2 0 1 0 2 3 0 2 1 0 0 2
split_gain=7.43007 7.24991 3.11411 3.67764 3.56987 2.57845 2.30317 2.02055 2.46753 1.85571 1.5718 1.55049 1.32856 1.13615
threshold=81.460674157303387 48.314606741573051 25.842696629213489 20.014449265768551 58.988764044943828 31.972107350243572 87.640449438202253 72.5686852103197 67.393026507079597 39.32584269662923 1.6853932584269666 86.68411394591422 89.771194389778458 48.314606741573051
decision_type=2 2 2 2 2 2 2 2 2 2 2 2 2 2
left_child=2 7 4 13 10 -6 11 8 -2 -10 -1 -3 -13 -4
right_child=1 6 3 -5 5 -7 -8 -9 9 -11 -12 12 -14 -15
leaf_value=-0.031942646959266539 0.023065733754914382 -0.0025226563123206553 -0.0046039911885798436 -0.014551051480680269 -0.033368144611659108 0.040845328798912936 -0.025067354390348181 0.039764253790201876 0.026307542453117328 -0.03849570019883345 0.0003452397711016019 0.034833779091937647 0.0066910890193618167 0.016608228274691262
leaf_weight=3.0004685875028363 18.026318793185059 36.893026951700449 10.984418218955399 101.64909538626671 0.59613356739282508 7.3077932260930538 6.7787410500459364 17.771912280470133 0.80320689827203695 2.4274528510868549 64.885838387999684 4.7655943334102657 18.016571285203099 12.818136780522762
leaf_count=112 164 865 234 5473 7 48 325 94 6 24 1453 49 224 192
internal_value=9.6239e-11 0.01069 -0.0056284 -0.0104335 0.00235753 0.032129 0.000555868 0.0275002 0.0159209 -0.0199742 -0.00152482 0.00383168 0.0137952 0.00702825
internal_weight=306.725 105.483 201.242 125.452 75.7902 7.90393 66.4539 39.0289 21.257 3.23066 67.8863 59.6752 22.7822 23.8026
internal_count=9270 1751 7519 5899 1620 55 1463 288 194 30 1565 1138 273 426
is_linear=0
shrinkage=0.05


Tree=15
num_leaves=15
num_cat=0
split_feature=1 2 2 1 3 2 0 3 2 2 0 1 2 0
split_gain=6.60167 7.00125 3.9316 3.91322 2.98644 2.1789 1.61762 1.44102 1.5794 1.8822 1.1902 1.15515 1.83068 1.14929
threshold=81.460674157303387 48.314606741573051 24.719101123595511 58.988764044943828 15.733411245241902 87.640449438202253 86.68411394591422 72.197437168313471 38.202247191011246 42.696629213483156 89.771194389778458 27.528089887640451 7.3033707865168589 59.69601193016657
decision_type=2 2 2 2 2 2 2 2 2 2 2 2 2 2
left_child=2 7 3 11 -4 6 -3 8 -2 -10 -8 -1 13 -13
right_child=1 5 4 -5 -6 -7 10 -9 9 -11 -12 12 -14 -15
leaf_value=-0.0055056413445171912 0.045448115194927155 -0.0030967772339745934 0.020553104629477889 0.036847697820281751 -0.012484366787091316 -0.025283177209405566 0.033493434507753238 0.037403550562797587 -0.01437369033008537 0.019430167583631707 0.0066958317455546729 0.021615023742313996 -0.0087589798842116259 -0.015013579855383511
leaf_weight=39.884982694871724 2.9997010827064541 36.887542221695185 6.3688416332006446 7.0028573032468548 119.35589824896306 6.492635572794824 4.7927807699888971 17.475484136492014 5.0094170467928079 12.909374594688414 17.217241099104285 15.341032514348631 10.027344048023222 1.7469754740595806
leaf_count=1023 16 865 112 41 5858 325 49 96 52 124 224 137 328 20
internal_value=4.92735e-10 0.0101728 -0.00531039 0.00380211 -0.0106618 0.000139069 0.00331684 0.0268242 0.0166828 0.00971965 0.0137331 -0.000142888 0.00766064 0.0172473
internal_weight=303.512 103.784 199.728 74.0032 125.725 65.3902 58.8976 38.394 20.9185 17.9188 22.01 67.0003 27.1154 17.088
internal_count=9270 1751 7519 1549 5970 1463 1138 288 192 176 273 1508 485 157
is_linear=0
shrinkage=0.05


Tree=16
num_leaves=15
num_cat=0
split_feature=1 2 2 3 1 2 3 3 0 0 0 3 3 1
split_gain=5.94569 5.52065 2.7632 5.76741 3.12785 1.99652 1.93527 1.40234 1.62267 1.14748 1.1002 1.00441 1.75788 1.35198
threshold=82.584269662921358 48.314606741573051 37.078651685393275 15.733411245241902 32.022471910112365 87.640449438202253 72.197437168313471 64.26354680128091 44.327318203248531 65.436741019198578 40.339903605957367 68.852634552476886 70.846983517674587 90.449438202247208
decision_type=2 2 2 2 2 2 2 2 2 2 2 2 2 2
left_child=2 6 4 -4 10 9 7 8 -2 -3 -1 13 -13 -9
right_child=1 5 3 -5 -6 -7 -8 11 -10 -11 -12 12 -14 -15
leaf_value=-0.0031190742800926794 -0.01899399995711086 -0.0075237222267129991 0.036505385308201875 -0.013421749708358063 0.010423890512587122 -0.024503745986238945 0.037625069089587376 0.0067997423177949259 0.035370693996458528 0.0082878768825437321 -0.020001208579591728 0.039214232655021004 -0.01476270774731289 -0.036816487641788423
leaf_weight=41.645015533082187 0.99245044402778315 14.797741839196531 5.1941190753132096 97.80475950287655 46.488789490889758 5.8263334827497593 16.81129002943635 3.5248994231224042 7.1672085411846638 41.824771217536181 11.76823792979121 2.3693572282791138 1.9965026825666425 2.1304792463779449
leaf_count=1098 32 442 66 4981 1008 301 94 37 53 634 469 17 18 20
internal_value=4.54518e-11 0.0100912 -0.00487192 -0.0105772 0.00105672 0.0010843 0.0256887 0.0132653 0.0274066 0.00409681 -0.00713784 0.000308964 0.0163795 -0.0126943
internal_weight=300.342 97.441 202.901 102.999 99.902 62.4488 34.9922 18.1809 8.15966 56.6225 53.4133 10.0212 4.36586 5.65538
internal_count=9270 1648 7622 5047 2575 1377 271 177 85 1076 1567 92 35 57
is_linear=0
shrinkage=0.05


Tree=17
num_leaves=15
num_cat=0
split_feature=1 2 2 1 3 1 2 3 0 2 2 3 0 2
split_gain=5.56291 6.70677 2.52631 4.13776 3.78591 1.77402 1.63284 1.50881 1.30089 1.70668 2.47955 1.18873 1.15733 1.13443
threshold=81.460674157303387 48.314606741573051 22.471910112359556 60.112359550561813 15.733411245241902 93.820224719101134 87.640449438202253 81.57241277677376 79.305379300093989 39.32584269662923 42.696629213483156 62.358623144175368 35.050687441737551 43.820224719101141
decision_type=2 2 2 2 2 2 2 2 2 2 2 2 2 2
left_child=2 5 3 -1 13 7 11 8 9 -2 -11 -3 -5 -4
right_child=1 6 4 12 -6 -7 -8 -9 -10 10 -12 -13 -14 -15
leaf_value=-0.00071719060190702643 0.03916477085950195 -0.025937928273795038 0.0035939544755161528 -0.016257878726573739 -0.011287034256183664 0.043260616359858915 -0.023167273642028585 -0.022345994152086237 0.040203966908730439 -0.028482574545023617 0.015551811749408723 0.0040932995696632236 0.051130348820641242 0.040684346888268379
leaf_weight=65.119616243988276 3.8801845535636046 2.5065017426386467 4.2342453990131608 0.2593386322259893 119.53118779137731 10.479689514264463 6.000040289014577 1.3634589016437519 5.9091885574161997 3.2905433978885403 11.709754687733946 55.420448455028236 4.1280436217784882 3.4571123905479908
leaf_count=1399 25 121 79 3 5983 52 325 9 37 44 121 1017 17 38
internal_value=2.3075e-10 0.00951153 -0.00488541 0.00275581 -0.00904906 0.0262581 -0.000341575 0.0181028 0.0211078 0.0134094 0.00471579 0.00237573 0.0448686 0.0230282
internal_weight=297.289 100.56 196.73 69.507 127.223 36.6328 63.927 26.1531 24.7897 18.8805 15.0003 57.927 4.38738 7.69136
internal_count=9270 1751 7519 1419 6100 288 1463 236 227 190 165 1138 20 117
is_linear=0
shrinkage=0.05


Tree=18
num_leaves=15
num_cat=0
split_feature=1 2 0 2 1 0 2 0 1 1 2 1 2 0
split_gain=4.70295 6.21208 1.96942 2.68102 3.19858 1.64562 1.47181 1.06761 0.972268 1.52462 0.967739 1.36103 0.961231 0.901922
threshold=81.460674157303387 48.314606741573051 26.047502814562016 35.955056179775291 39.887640449438209 42.402709596308149 83.146067415730343 65.436741019198578 93.820224719101134 90.449438202247208 22.471910112359556 63.483146067415738 44.943820224719111 94.077780841274858
decision_type=2 2 2 2 2 2 2 2 2 2 2 2 2 2
left_child=2 5 -1 4 -4 -2 7 -3 9 13 11 -6 -11 -7
right_child=1 6 3 -5 10 8 -8 -9 -10 12 -12 -13 -14 -15
leaf_value=0.0038844129176273199 -0.025170979571265319 -0.0091751642529943923 -0.010464419016369936 -0.013944574176340374 0.011328755963452491 0.0275847087157589 -0.02082207923723367 0.0061238857739467798 0.040570279124025957 0.022933949961707691 0.0016074945394868028 0.048302826562748057 -0.01802592714785425 -0.021393178519166167
leaf_weight=50.864965687971562 0.82143700402229924 14.453119986690579 35.980720064137131 75.269064125139266 14.753417173400523 20.038969760760672 6.9053832385689011 42.799288213253021 9.9295092262327653 1.1722316443920124 15.596288705244659 2.3050429299473754 3.3208461031317711 0.2813509888947
leaf_count=1321 26 447 1141 4375 201 162 378 638 51 11 471 10 34 4
internal_value=4.02489e-10 0.00877929 -0.00451689 -0.00749275 -0.000318714 0.0252278 -0.000585802 0.0021705 0.0270903 0.0203333 0.0108391 0.0187231 -0.00510996 0.025935
internal_weight=294.492 99.7221 194.769 143.905 68.6355 35.5643 64.1578 57.2524 34.7429 24.8134 32.6547 17.0585 4.49308 20.3203
internal_count=9270 1751 7519 6198 1823 288 1463 1085 262 211 682 211 45 166
is_linear=0
shrinkage=0.05


Tree=19
num_leaves=15
num_cat=0
split_feature=1 2 0 2 1 3 0 3 3 0 2 2 1 2
split_gain=4.2837 5.21114 1.62399 2.1562 3.16734 1.49402 1.34463 1.33429 1.68085 1.47502 1.20251 0.933697 0.859235 0.826332
threshold=81.460674157303387 48.314606741573051 26.047502814562016 34.83146067415732 39.887640449438209 72.5686852103197 65.436741019198578 64.26354680128091 59.350909810436683 60.437783707736692 39.32584269662923 53.932584269662932 70.224719101123611 22.471910112359556
decision_type=2 2 2 2 2 2 2 2 2 2 2 2 2 2
left_child=2 5 -1 4 -4 7 11 8 10 -9 -2 -3 -5 -6
right_child=1 6 3 12 13 -7 -8 9 -10 -11 -12 -13 -14 -15
leaf_value=0.0032431026039893129 0.026887507674226426 0.002561549468362409 -0.01052402175490157 -0.015915111362732083 0.018388450430599723 0.035502813273431515 0.0044131328822537485 -0.031741452896164743 0.041516463587164786 0.0099477103480398784 -0.017761611418821079 -0.02001997707998171 -0.0038986171855748286 0.001845421111800184
leaf_weight=51.450554577633739 1.5810004919767395 7.1356065059080747 34.641717064660043 55.558586517814547 16.72818331792951 14.759943891316651 45.526392468251288 1.7316349744796742 5.6770782694220543 8.5080979280173761 2.6295374901965261 10.821374060586093 21.265233716461807 13.574134749826042
leaf_count=1321 11 145 1098 3520 211 94 785 16 38 80 49 533 960 409
internal_value=2.49018e-11 0.00844356 -0.0043201 -0.00706843 -0.000336724 0.0236724 -0.000162782 0.0137271 0.0259137 0.000700883 0.000946205 -0.0113849 -0.0126817 0.0112736
internal_weight=291.589 98.3707 193.218 141.768 64.944 34.8873 63.4834 20.1273 9.88762 10.2397 4.21054 17.957 76.8238 30.3023
internal_count=9270 1751 7519 6198 1718 288 1463 194 98 96 60 678 4480 620
is_linear=0
shrinkage=0.05


Tree=20
num_leaves=15
num_cat=0
split_feature=1 2 2 2 1 3 2 2 0 0 0 1 2 3
split_gain=4.00695 4.51688 1.35415 1.31327 1.21991 2.039 1.71218 1.56113 1.63102 1.55692 1.47958 1.24211 2.30903 1.2054
threshold=83.707865168539342 48.314606741573051 56.17977528089888 87.640449438202253 27.528089887640451 18.331902634022569 39.32584269662923 34.83146067415732 21.753627351795078 55.208899764700412 17.200091230818824 58.988764044943828 7.3033707865168589 15.733411245241902
decision_type=2 2 2 2 2 2 2 2 2 2 2 2 2 2
left_child=2 -2 4 -3 5 6 10 11 -9 -10 -1 12 -6 -8
right_child=1 3 -4 -5 7 -7 13 8 9 -11 -12 -13 -14 -15
leaf_value=-0.015459789980703846 0.024276698605566232 0.0030270778165802973 -0.011243178013110066 -0.022001961403813521 0.015537886967355467 -0.014105921736450384 0.035378864762940623 0.028661334449522131 -0.018787922888150219 0.0023656529747195093 0.0079093691882435296 0.019535530571008278 -0.010824333439465114 -0.0043873939974120027
leaf_weight=12.206812805496158 29.851664649322629 54.466587748378515 47.132617051480338 4.7886170498095444 15.703085189685227 38.026454576291144 4.7130712158977977 2.2784819351509205 16.572823719121516 16.831316431052983 12.99861062504351 15.523280648514627 15.557168127968906 2.5579659016802907
leaf_count=304 246 1026 2869 273 157 1592 56 54 933 596 235 209 676 44
internal_value=-2.33548e-10 0.00876201 -0.00392596 0.000672817 -0.00161301 -0.0063976 0.00277979 0.00250512 -0.00528884 -0.00837033 -0.00356622 0.00843599 0.00248945 0.02255
internal_weight=289.209 89.1069 200.102 59.2552 152.969 70.5029 32.4765 82.4662 35.6826 33.4041 25.2054 46.7835 31.2603 7.27104
internal_count=9270 1545 7725 1299 4856 2231 639 2625 1583 1529 539 1042 833 100
is_linear=0
shrinkage=0.05


Tree=21
num_leaves=15
num_cat=0
split_feature=1 2 0 0 2 1 2 1 2 2 0 1 1 2
split_gain=3.7748 4.36579 1.30906 1.2975 1.76016 2.87258 1.24376 0.970807 0.956879 1.59933 1.15583 0.89275 0.836168 0.727086
threshold=81.460674157303387 48.314606741573051 44.327318203248531 26.047502814562016 25.842696629213489 44.382022471910119 83.146067415730343 93.820224719101134 48.314606741573051 56.17977528089888 24.064722195436499 89.325842696629223 70.224719101123611 39.32584269662923
decision_type=2 2 2 2 2 2 2 2 2 2 2 2 2 2
left_child=3 2 -2 8 5 -5 11 13 10 -10 -1 -3 -6 -4
right_child=1 6 7 4 12 -7 -8 -9 9 -11 -12 -13 -14 -15
leaf_value=-0.0054969149925710569 -0.020399256061025536 -0.0099028162291418791 0.036636967281526843 -0.0071947857463289999 -0.013620110708622547 0.01812395357469888 -0.018904477735132878 0.037876310597420255 0.024773827673282775 -0.0071732534044475814 0.018481765015317082 0.005659938160756689 -0.0025798369161037539 0.012657052258755195
leaf_weight=31.127309382427484 1.0113100092858065 10.514447630383073 3.4318672567605999 33.739385892171413 65.551924888044596 15.53838940290734 6.588212914299219 9.0800979882478696 9.2619087817147356 5.7454199199564746 4.9650621730834237 45.860336505807936 23.834978843573481 20.359193412587047
leaf_count=766 34 340 22 893 4074 223 378 51 169 251 135 745 1008 181
internal_value=-1.09664e-10 0.00798435 0.022174 -0.00409527 -0.00659233 0.000990469 0.000121163 0.0240473 0.00267725 0.0128591 -0.00178894 0.00263532 -0.0107373 0.0174545
internal_weight=286.61 96.8455 33.8825 189.764 138.665 49.2778 62.963 32.8712 51.0997 15.0073 36.0924 56.3748 89.3869 23.7911
internal_count=9270 1751 288 7519 6198 1116 1463 254 1321 420 901 1085 5082 203
is_linear=0
shrinkage=0.05


Tree=22
num_leaves=15
num_cat=0
split_feature=1 2 0 2 1 0 2 2 2 1 2 2 1 0
split_gain=3.34334 2.71928 1.79908 1.64069 1.83158 1.57148 2.32028 1.80517 1.33436 1.30696 1.27382 1.22349 0.951599 0.914996
threshold=88.202247191011253 48.314606741573051 63.973741365203971 52.808988764044962 58.988764044943828 8.3800379833062077 28.08988764044944 7.3033707865168589 22.471910112359556 32.022471910112365 83.146067415730343 50.561797752808992 5.0561797752809001 59.69601193016657
decision_type=2 2 2 2 2 2 2 2 2 2 2 2 2 2
left_child=3 2 -2 4 5 6 -1 9 -6 -7 -3 -9 -8 -11
right_child=1 10 -4 -5 8 7 12 11 -10 13 -12 -13 -14 -15
leaf_value=-0.014338378135930436 0.002044599927283191 0.005323941731665064 0.034169943403764211 -0.010085588159920212 0.031988567347760198 -0.0039108926869413675 0.038918733528792632 -0.014100431197376945 0.0047569853497082069 0.019889465650945092 -0.022601639545830162 0.011544645734919083 -0.0039764082494478398 -0.01598403378904974
leaf_weight=3.9916448444128019 6.4019982684403685 47.383759686723351 13.60355758294463 59.758522905409336 4.1136606745421878 29.089605102315545 5.0923644844442606 50.498497562948614 42.720594502519816 10.750309128314255 3.4736946723423889 4.3688274379819623 1.4211451681330798 1.3245494998991478
leaf_count=126 56 794 89 3529 24 609 54 2495 973 94 194 191 25 17
internal_value=1.15622e-10 0.00933187 0.0244762 -0.00313182 -0.000374622 -0.00399293 0.0135511 -0.006032 0.00776759 0.00187064 0.00301749 -0.0118883 0.0302761 0.0150328
internal_weight=283.993 70.863 20.0056 213.13 153.371 106.537 10.5052 96.0318 46.8343 41.1645 50.8575 54.8673 6.51351 12.0749
internal_count=9270 1133 145 8137 4608 3611 205 3406 997 720 988 2686 79 111
is_linear=0
shrinkage=0.05


Tree=23
num_leaves=15
num_cat=0
split_feature=1 2 0 0 2 1 1 1 2 0 0 2 2 0
split_gain=3.15602 3.39391 1.22722 1.22467 1.35125 2.43482 1.14923 1.25694 0.883699 0.797725 0.780959 0.689457 1.26878 0.951698
threshold=81.460674157303387 48.314606741573051 58.072026999852774 26.047502814562016 35.955056179775291 58.988764044943828 92.696629213483163 90.449438202247208 22.471910112359556 46.858299719875504 65.436741019198578 48.314606741573051 64.044943820224745 24.064722195436499
decision_type=2 2 2 2 2 2 2 2 2 2 2 2 2 2
left_child=3 6 -3 11 5 -5 7 9 -7 -2 -9 13 -13 -1
right_child=1 2 -4 4 -6 8 -8 10 -10 -11 -12 12 -14 -15
leaf_value=-0.0044324141721298191 -0.014233912104496815 -0.014639689191320002 0.003557585729222025 -0.0064907290639325908 -0.01089264486794355 0.033656364882421207 0.033346683566573387 -0.031914049087835454 0.0074518454399532729 0.020102656631102452 0.0080574372238436977 0.018545687184932654 -0.015287435549238651 0.017280753896021624
leaf_weight=30.32640936318785 1.1533905118703902 10.234530712943522 51.86487876274623 48.647671825252473 71.846819159109145 3.8958988264203063 10.379554986953734 1.453023320063948 11.899966342374681 18.488219622522593 1.8052143193781374 11.833944397978483 2.7173532638698807 5.0183084034360936
leaf_count=766 35 433 1030 1582 4375 23 66 19 218 154 14 268 152 135
internal_value=-4.66729e-10 0.00735123 0.000374034 -0.00378501 -0.00622649 -0.00093734 0.01998 0.0127796 0.015534 0.0174945 -0.0130766 0.00287517 0.0116508 -0.000958894
internal_weight=281.565 95.3788 62.0994 186.186 136.29 64.4435 33.2794 22.8998 15.7959 19.6416 3.25824 49.896 14.5513 35.3447
internal_count=9270 1751 1463 7519 6198 1823 288 222 241 189 33 1321 420 901
is_linear=0
shrinkage=0.05


Tree=24
num_leaves=15
num_cat=0
split_feature=1 2 3 3 2 2 1 0 2 2 3 2 1 0
split_gain=2.64198 2.51882 1.35679 1.61911 1.25306 1.15713 1.01108 1.54492 1.7008 1.26271 1.25523 0.935461 1.22973 0.917132
threshold=88.202247191011253 48.314606741573051 71.853428740482443 70.446286190388022 56.17977528089888 83.146067415730343 58.988764044943828 27.561005123670892 48.314606741573051 38.202247191011246 74.754593337598408 7.3033707865168589 44.382022471910119 63.973741365203971
decision_type=2 2 2 2 2 2 2 2 2 2 2 2 2 2
left_child=4 2 3 13 6 -3 7 8 -1 -8 -11 12 -9 -2
right_child=1 5 -4 -5 -6 -7 9 11 -10 10 -12 -13 -14 -15
leaf_value=-0.001309925239891404 0.0030261451139371605 0.0045467257595911189 0.034731569190187078 -0.03971967624434241 -0.0096537875776806989 -0.022156654212510042 0.014606991640880579 -0.0052871473034375484 0.021757186589937697 -0.0056079582880171619 0.02177166179045141 -0.013090015181673856 0.0240153609572854 0.036776916586817303
leaf_weight=37.246807705145329 6.0513303335756063 47.025686639361084 10.433876931667326 0.60939946398139078 49.750592334894463 3.4400868522934607 20.009120867121965 21.83104075584561 9.1397815020754916 25.762352982535962 3.9656770452857009 38.583127706777304 3.2472404316067687 2.1774702742695808
leaf_count=991 56 794 70 6 3109 194 313 439 180 775 51 2257 22 13
internal_value=2.78005e-10 0.00836002 0.023253 0.00754926 -0.00280888 0.0023313 -0.000630868 -0.00329896 0.00359833 0.0052212 -0.00136589 -0.00830257 -0.000717534 0.0149744
internal_weight=279.274 69.7379 19.2721 8.8382 209.536 50.4658 159.785 110.048 46.3866 49.7372 29.728 63.6614 25.0783 8.2288
internal_count=9270 1133 145 75 8137 988 5028 3889 1171 1139 826 2718 461 69
is_linear=0
shrinkage=0.05


Tree=25
num_leaves=15
num_cat=0
split_feature=1 2 0 0 2 2 1 1 0 0 0 0 2 1
split_gain=2.58909 3.0704 1.1685 1.06313 1.80609 1.32803 1.86714 1.16481 1.01997 0.799878 0.75057 1.18263 0.676977 0.685043
threshold=81.460674157303387 48.314606741573051 44.327318203248531 8.3800379833062077 28.08988764044944 24.157303370786515 58.988764044943828 6.1797752808988768 65.436741019198578 35.050687441737551 17.200091230818824 27.561005123670892 53.932584269662932 97.191011235955074
decision_type=2 2 2 2 2 2 2 2 2 2 2 2 2 2
left_child=3 2 -2 4 -1 6 10 -6 12 -8 -5 -12 13 -3
right_child=1 8 -4 5 7 -7 9 -9 -10 -11 11 -13 -14 -15
leaf_value=-0.015147180784899839 -0.020712597525597606 0.008656239729539229 0.020937002930988574 -0.018496938067439527 0.034201285492404331 -0.0077687801548950207 -0.014213482591248256 -0.0036023240606104438 0.0042180960890732724 0.033817966577289471 0.011867395412287146 -0.0043077929747591982 -0.017060749263105635 -0.026828195878165713
leaf_weight=3.9252505460754028 1.005171650089326 6.3249666299670961 30.97698962688446 4.7931127743795505 5.5364434123039228 109.31105074216612 0.45642615668475528 2.7043320629745722 43.861899708397686 4.5708081051707268 15.014354047365485 37.397669440601021 10.690444473177193 0.67594236321747292
leaf_count=127 34 132 254 125 57 5877 7 66 785 27 280 953 533 13
internal_value=-1.47653e-10 0.00672973 0.0190397 -0.00344432 0.0102998 -0.00447311 0.00134705 0.0227482 0.000131539 0.0278225 -0.00141767 0.000461309 -0.00968381 0.00230526
internal_weight=277.245 93.5354 31.9822 183.709 12.166 171.543 62.2324 8.24078 61.5533 5.02723 57.2051 52.412 17.6914 7.00091
internal_count=9270 1751 288 7519 250 7269 1392 123 1463 34 1358 1233 678 145
is_linear=0
shrinkage=0.05


Tree=26
num_leaves=15
num_cat=0
split_feature=0 2 1 3 2 0 2 1 0 2 3 3 2 2
split_gain=2.3081 1.74103 1.2464 1.33762 1.05409 1.00158 2.05828 1.42233 1.161 1.13214 1.50381 1.83809 1.19576 0.805011
threshold=64.459759927022716 51.68539325842697 52.247191011235962 89.814349396264618 61.797752808988768 8.3800379833062077 28.08988764044944 27.528089887640451 21.456683636194864 7.3033707865168589 59.350909810436683 64.541753187286574 48.314606741573051 37.078651685393275
decision_type=2 2 2 2 2 2 2 2 2 2 2 2 2 2
left_child=4 2 -2 -4 5 6 -1 -7 -9 -10 13 12 -12 -11
right_child=1 -3 3 -5 -6 7 -8 8 9 10 11 -13 -14 -15
leaf_value=-0.01597205470490649 -0.019907884752596347 -0.0014505297824573913 0.017070187308441603 -0.018085986066425332 -0.010678195830145294 -0.0082592816756594731 0.025818780187795133 0.026647223333732678 0.013231519055538125 -0.0011521617085847766 0.032479977754318233 -0.0063473978634094987 0.00012548830628203249 -0.013886220199063335
leaf_weight=3.6049179476685804 1.8583352491259564 34.569393251556903 42.441589678637683 2.090419676154851 35.04878608789295 59.270907826721668 7.844827669672668 3.4275960647501043 13.31288638524711 27.382213587407023 7.2916915379464644 10.72649952303618 4.3677721149288118 22.005933415610343
leaf_count=127 83 1020 563 32 2326 2182 97 78 143 885 76 179 151 1328
internal_value=-8.97837e-11 0.00704205 0.0132677 0.0150589 -0.00295552 -0.00119967 0.012435 -0.0023325 0.00168411 0.000380658 -0.00215202 0.00836206 0.0213269 -0.00698907
internal_weight=275.244 80.9597 46.3903 44.532 194.284 159.235 11.4497 147.786 88.5146 85.087 71.7741 22.386 11.6595 49.3881
internal_count=9270 1698 678 595 7572 5246 224 5022 2840 2762 2619 406 227 2213
is_linear=0
shrinkage=0.05


Tree=27
num_leaves=15
num_cat=0
split_feature=0 2 2 0 2 1 1 0 3 2 0 1 2 0
split_gain=1.98204 1.25713 1.25237 1.19626 2.10188 1.78919 0.904895 0.900016 0.800571 1.88395 1.13253 0.840734 1.22401 0.842652
threshold=79.305379300093989 61.797752808988768 46.067415730337089 8.3800379833062077 28.08988764044944 27.528089887640451 82.584269662921358 21.456683636194864 59.892249560290104 37.078651685393275 76.182040460544258 58.988764044943828 7.3033707865168589 59.69601193016657
decision_type=2 2 2 2 2 2 2 2 2 2 2 2 2 2
left_child=1 3 6 4 -1 -5 -2 -7 9 11 -10 12 13 -9
right_child=2 -3 -4 5 -6 7 -8 8 10 -11 -12 -13 -14 -15
leaf_value=-0.01578054860776584 -0.0043938545633843843 -0.0092262025729197561 0.006159317487634975 -0.008100693430942392 0.027294555365110537 0.024113267303560799 0.039718556627699131 0.014148675540479529 0.0088576455534630193 -0.013065576485927773 -0.016135943215445116 0.013522352840235757 -0.01032045069346922 -0.018906350567783406
leaf_weight=3.2872511348687103 1.2582908459007729 44.575293310219422 34.507398202084005 58.634232701966539 8.3809122424572688 3.6360009582713237 4.2110820114612579 12.130692334845664 44.262727558612823 23.395050239749253 4.1174939647316924 14.743168615736066 15.065896803978829 1.3717496655881394
leaf_count=127 23 2786 526 2199 97 78 29 132 826 1402 83 226 716 20
internal_value=8.06143e-11 -0.00177218 0.0101461 2.48994e-05 0.0148713 -0.00102974 0.0304595 0.00250092 0.00161628 -0.00193064 0.00644682 0.0042431 -0.000840985 0.00971842
internal_weight=273.577 233.6 39.9768 189.025 11.6682 177.357 5.46937 118.723 115.087 66.7066 48.3802 43.3115 28.5683 13.5024
internal_count=9270 8692 578 5906 224 5682 52 3483 3405 2496 909 1094 868 152
is_linear=0
shrinkage=0.05


Tree=28
num_leaves=15
num_cat=0
split_feature=1 2 0 0 2 1 2 2 1 0 3 2 2 2
split_gain=2.02922 1.94863 1.38955 1.19728 1.42506 1.32861 1.03081 1.02089 1.56283 1.16577 0.881019 0.817091 0.859379 1.22072
threshold=88.202247191011253 48.314606741573051 63.973741365203971 8.3800379833062077 28.08988764044944 6.1797752808988768 83.146067415730343 37.078651685393275 58.988764044943828 80.063367621914381 66.716403548134025 7.3033707865168589 5.0561797752809037 0.56179775280898747
decision_type=2 2 2 2 2 2 2 2 2 2 2 2 2 2
left_child=3 2 10 4 -1 -6 -3 8 11 -9 -2 12 13 -5
right_child=1 6 -4 7 5 -7 -8 9 -10 -11 -12 -13 -14 -15
leaf_value=-0.014494116278269449 0.010135910104892273 0.0042416609865619662 0.029704686686779148 0.0031359221646732986 0.033125171218541596 -0.0053492301967673142 -0.021193751808269531 -0.0082100073893878033 0.013305023193469654 0.011711892288220701 -0.02848815510392666 -0.0089542761189791865 0.017283565523162455 -0.020575105696100781
leaf_weight=2.982485174201428 4.7974388767033842 46.293406358920038 12.496415719389914 26.579170668497682 6.1753026843070966 2.9036526661366224 3.3578968504443756 97.928606390254572 17.858054793439806 7.0658151274546972 0.98100898042321194 30.123245914233848 6.3867149557918301 5.7650820147246113
leaf_count=127 44 794 89 530 57 68 194 5315 276 131 12 1443 87 103
internal_value=-2.00546e-10 0.00742064 0.0209202 -0.00249783 0.0121793 0.0215103 0.00213701 -0.00347967 0.000537933 -0.00677148 0.000343298 -0.00291641 0.00188676 -0.00158067
internal_weight=271.694 67.9262 18.2749 203.768 12.0614 9.07896 49.6513 191.707 86.7123 104.994 5.77845 68.8542 38.731 32.3443
internal_count=9270 1133 145 8137 252 125 988 7885 2439 5446 56 2163 720 633
is_linear=0
shrinkage=0.05


Tree=29
num_leaves=15
num_cat=0
split_feature=1 2 2 3 3 0 2 1 0 2 1 2 2 3
split_gain=1.85254 2.05191 1.21237 1.18926 1.48994 1.23592 1.50511 1.17755 1.1875 0.934811 1.32911 1.25183 1.46149 1.16426
threshold=93.820224719101134 48.314606741573051 61.797752808988768 74.754593337598408 81.57241277677376 8.3800379833062077 28.08988764044944 27.528089887640451 22.18997773046873 38.202247191011246 81.460674157303387 42.696629213483156 47.191011235955067 59.350909810436683
decision_type=2 2 2 2 2 2 2 2 2 2 2 2 2 2
left_child=2 -2 3 5 -5 6 -1 -7 -9 10 -10 -11 13 -13
right_child=1 -3 -4 4 -6 7 -8 8 9 11 -12 12 -14 -15
leaf_value=-0.014105395630038332 0.031175934700229474 0.0038693094603685675 -0.0091557293864148043 0.024254380395449415 -0.013751252132090185 -0.007926898469932676 0.023813200253819559 0.024100698783183199 0.0024346741299378486 -0.020505412305616394 0.0350232182629613 -0.0076038988753263804 -0.0078668141559638093 0.019977162487739362
leaf_weight=2.8329615793190888 7.7588164936751118 33.851908857002854 43.820888732327148 8.8440629448741657 2.7587071862071744 57.116457879310474 8.6697062924504262 4.2621017126366487 45.151006868807599 9.2909840652719122 2.3803096748888484 5.1401674421504131 27.574317466467619 10.252086827531455
leaf_count=127 52 566 2764 113 48 2199 97 95 1194 339 17 270 1251 138
internal_value=1.85263e-11 0.00957311 -0.00178057 1.32282e-05 0.0148439 -0.00106307 0.0140931 -0.00222502 0.000950569 -0.000267511 0.0047547 -0.00483902 -0.00106202 0.0108646
internal_weight=269.704 41.6107 228.094 184.273 11.6028 172.67 11.5027 161.167 104.051 99.7889 47.5313 52.2576 42.9666 15.3923
internal_count=9270 618 8652 5888 161 5727 224 5503 3304 3209 1211 1998 1659 408
is_linear=0
shrinkage=0.05


Tree=30
num_leaves=15
num_cat=0
split_feature=1 2 0 2 2 1 1 0 0 3 0 0 1 1
split_gain=1.75894 2.24027 0.96233 1.15215 1.11756 1.09642 0.947732 0.917106 0.812827 0.609061 0.596619 0.88746 0.694764 0.672704
threshold=81.460674157303387 48.314606741573051 8.3800379833062077 24.719101123595511 37.078651685393275 58.988764044943828 27.528089887640451 58.072026999852774 44.327318203248531 43.176144166877116 40.715573252866278 17.200091230818824 32.022471910112365 3.9325842696629221
decision_type=2 2 2 2 2 2 2 2 2 2 2 2 2 2
left_child=2 8 4 5 -1 10 -6 -3 -2 -7 11 -4 -12 -13
right_child=1 7 3 -5 6 9 -8 -9 -10 -11 12 13 -14 -15
leaf_value=-0.00986359535302587 -0.017352517695428223 -0.013194765326678771 -0.015806537815783585 -0.0070297777531721922 0.027489544456843509 -0.0068566539221381496 -0.012148813547281229 0.0028523028542046069 0.01836257942989054 0.028156457940694036 -0.018190468484295435 -0.01309252819364428 0.00062982984566890084 0.0083629782434684677
leaf_weight=3.8953156019560975 0.92244800552726047 9.7593775955028814 4.4894645642489186 104.92392811784521 6.5863834889605641 1.1740559823811043 1.2693414408713577 50.623869493603706 28.571865933015943 4.4031247459352016 7.82331418944523 3.2457428174093357 10.893834134563802 29.507640162017196
leaf_count=144 34 433 129 5839 66 12 40 1030 254 28 315 88 211 647
internal_value=-7.87559e-11 0.00566626 -0.00287333 -0.00386733 0.0104063 0.00155099 0.0204361 8.6008e-05 0.0167132 0.020864 -0.000706309 0.00294899 -0.00776021 0.00591192
internal_weight=268.09 89.8776 178.212 166.461 11.751 61.5372 7.85572 60.3832 29.4943 5.57718 55.96 37.2428 18.7171 32.7534
internal_count=9270 1751 7519 7269 250 1430 106 1463 288 40 1390 864 526 735
is_linear=0
shrinkage=0.05


Tree=31
num_leaves=15
num_cat=0
split_feature=1 2 2 3 3 0 2 1 0 2 1 2 2 3
split_gain=1.54111 1.64356 1.14527 1.03668 1.42847 0.847296 1.2637 1.12035 1.05061 0.811791 1.14309 0.775017 1.04332 0.872711
threshold=93.820224719101134 48.314606741573051 61.797752808988768 74.754593337598408 81.57241277677376 8.3800379833062077 39.32584269662923 27.528089887640451 22.18997773046873 38.202247191011246 80.337078651685403 42.696629213483156 47.191011235955067 59.350909810436683
decision_type=2 2 2 2 2 2 2 2 2 2 2 2 2 2
left_child=2 -2 3 5 -5 6 -1 -7 -9 10 -10 -11 13 -13
right_child=1 -3 -4 4 -6 7 -8 8 9 11 -12 12 -14 -15
leaf_value=-0.0082312434298158939 0.028531991043055351 0.0037200862087486035 -0.0088506871925521126 0.023057951567050618 -0.01469681950088603 -0.0074790971443702342 0.02381601200921455 0.022762136670814642 0.0024575894802453045 -0.01699450402717426 0.031428771592884402 -0.00709771492657775 -0.00710845193556588 0.016826798412192093
leaf_weight=4.3687004921957833 7.4402211122214785 33.884527110494673 43.279574010055512 8.8780336864292604 2.5904072094708672 56.144736096262932 6.9253959897905588 4.3788913767784825 44.617703566327691 8.7334326282143575 2.7099222894757977 5.1146036502905181 27.081290422473103 10.079479504376648
leaf_count=153 52 566 2764 113 48 2199 71 95 1186 339 25 270 1251 138
internal_value=4.44617e-11 0.00875586 -0.00164049 0.000116716 0.0140354 -0.000897932 0.0117585 -0.00186566 0.0012452 6.75581e-05 0.00473245 -0.00426845 -0.00130749 0.00883239
internal_weight=266.227 41.3247 224.902 181.623 11.4684 170.154 11.2941 158.86 102.715 98.3364 47.3276 51.0088 42.2754 15.1941
internal_count=9270 618 8652 5888 161 5727 224 5503 3304 3209 1211 1998 1659 408
is_linear=0
shrinkage=0.05


Tree=32
num_leaves=15
num_cat=0
split_feature=0 2 2 3 3 2 1 0 1 0 0 2 2 3
split_gain=1.28691 1.09066 0.8236 0.786789 1.23894 1.0331 0.937767 1.07316 0.969133 0.949629 0.883034 1.14532 0.990592 1.14012
threshold=70.523118279640059 61.797752808988768 50.561797752808992 59.892249560290104 64.26354680128091 49.438202247191022 93.820224719101134 66.718477197578082 97.191011235955074 65.436741019198578 8.3800379833062077 39.32584269662923 22.471910112359556 48.097693015598459
decision_type=2 2 2 2 2 2 2 2 2 2 2 2 2 2
left_child=1 3 -2 10 5 -5 7 9 -8 -6 11 -1 13 -12
right_child=2 -3 -4 4 6 -7 8 -9 -10 -11 12 -13 -14 -15
leaf_value=-0.0080895627152396208 0.012670707435648205 -0.0093600750227666226 0.00080493623966414272 0.027656741483941035 -0.0066660942049925039 -0.0030856657657577905 0.020208196259516684 -0.027456061702209905 -0.014189521408653189 0.028545226229166255 3.7485494982137876e-05 0.022677247001740231 -0.0070888762171455932 0.029529501118354534
leaf_weight=4.2704528765752894 27.314108471386135 38.20743898418732 30.546028699260205 8.345618886407463 7.6324230255559105 3.5996643919497719 6.5274645471945387 3.9937836062163106 2.0066749714314938 1.4625734025612471 53.935378074645996 6.8019939064979553 67.547400590963662 2.489215623587369
leaf_count=153 363 2559 740 123 143 142 80 94 34 21 1260 71 3455 32
internal_value=-1.57155e-10 -0.00184849 0.00652653 -0.000101218 0.00663529 0.0188699 -0.000658901 -0.00882684 0.0114801 0.00126302 -0.00181219 0.0111238 -0.00304732 0.00183012
internal_weight=264.68 206.82 57.8601 168.613 33.5682 11.9453 21.6229 13.0888 8.53414 9.095 135.044 11.0724 123.972 56.4246
internal_count=9270 8167 1103 5608 637 265 372 258 114 164 4971 224 4747 1292
is_linear=0
shrinkage=0.05


Tree=33
num_leaves=15
num_cat=0
split_feature=1 2 3 3 0 0 0 0 1 0 3 2 1 2
split_gain=1.234 1.32131 1.0904 0.981423 1.01408 0.827518 0.739256 0.706842 0.981964 0.733521 1.26686 0.923339 0.786556 0.698188
threshold=82.584269662921358 48.314606741573051 72.5686852103197 64.26354680128091 44.327318203248531 60.437783707736692 67.072245930739655 40.933418231254002 32.022471910112365 53.392009968159648 41.867994152824977 52.808988764044962 39.887640449438209 92.134831460674164
decision_type=2 2 2 2 2 2 2 2 2 2 2 2 2 2
left_child=7 2 3 4 -2 -5 -7 -1 -9 10 -10 12 -11 -3
right_child=1 13 -4 5 -6 6 -8 8 9 11 -12 -13 -14 -15
leaf_value=0.00069405780883704268 -0.018540439196893285 0.0022910099196616867 0.025304768441031539 -0.031605451491160404 0.025232887192755633 0.012479444897578783 -0.016276591868811221 -0.015950139213981748 0.010383979001782537 -0.017072332729647484 -0.014042668921208257 -0.0080651616315686025 0.0099649535543995162 -0.016784786784233615
leaf_weight=92.177309711929411 0.86994941066950815 53.642575210658833 11.013145277276633 1.3750701807439307 5.9280558377504349 5.0191320478916168 2.5658903457224369 17.133740951539949 6.0344293857924667 2.1074470849707749 22.859401742462069 14.848813842516391 23.525395303498954 4.2596220369450739
leaf_count=3538 32 1120 92 16 53 46 32 988 117 94 1246 972 667 257
internal_value=1.44373e-10 0.00493793 0.0139045 0.0049024 0.0179719 -0.00582226 0.00198892 -0.00235438 -0.00557336 -0.00282036 -0.00876449 0.00153127 0.00718448 0.000626548
internal_weight=263.36 84.6734 26.7712 15.7581 6.79801 8.96009 7.58502 178.687 86.5092 69.3755 28.8938 40.4817 25.6328 57.9022
internal_count=9270 1648 271 179 85 94 78 7622 4084 3096 1363 1733 761 1377
is_linear=0
shrinkage=0.05


Tree=34
num_leaves=15
num_cat=0
split_feature=0 1 2 1 0 2 2 0 2 0 0 2 3 3
split_gain=1.09218 0.760391 0.667061 0.943482 1.04581 1.52921 1.04263 0.732046 1.33402 0.699849 0.648113 0.985431 0.662768 0.976956
threshold=86.68411394591422 99.438202247191029 56.17977528089888 58.988764044943828 26.047502814562016 48.314606741573051 48.314606741573051 17.200091230818824 8.4269662921348338 13.139739200973763 31.570204149119913 22.471910112359556 68.852634552476886 65.514777392519008
decision_type=2 2 2 2 2 2 2 2 2 2 2 2 2 2
left_child=1 2 3 4 5 7 10 9 -9 -1 -5 -12 13 -13
right_child=-2 -3 -4 6 -6 -7 -8 8 -10 -11 11 12 -14 -15
leaf_value=-0.0018940756946200046 0.0097678387143686641 -0.030705040279137737 -0.005325272550006907 -0.016847888669453644 -0.0063344435030774325 0.021133580474334723 -0.0033083427228935273 0.01708274971196835 -0.0094279829370164468 -0.024933674422956187 0.033931346903824093 0.007632547269467516 0.017504571434874574 -0.014888709024408201
leaf_weight=10.45084811653942 24.82184951659292 1.1440010983496893 59.355970949167386 1.4306816840544332 62.611172023927793 8.8104752819053811 24.486772561445832 9.5895101465284842 7.7274432363919905 3.9435644792392841 3.1324275434017173 27.954474864061922 12.006159663200377 4.8196154218167058
leaf_count=294 333 21 3535 48 2832 167 621 144 325 127 20 596 127 80
internal_value=-1.04121e-10 -0.00105771 -0.000785407 0.000758696 -0.00232342 0.00387739 0.00503761 -0.00141646 0.00538385 -0.00941575 0.00916276 0.010268 0.00790771 0.0039779
internal_weight=262.285 237.463 236.319 176.963 103.133 40.5218 73.8301 31.7114 17.317 14.3944 49.3434 47.9127 44.7802 32.7741
internal_count=9270 8937 8916 5381 3889 1057 1492 890 469 421 871 823 803 676
is_linear=0
shrinkage=0.05


Tree=35
num_leaves=15
num_cat=0
split_feature=1 2 0 0 3 2 0 1 2 0 3 1 2 2
split_gain=1.0889 1.67943 0.941921 0.74894 0.692275 0.688812 0.660545 0.618865 0.537431 0.629431 0.5149 0.940795 0.563843 0.528504
threshold=75.842696629213492 48.314606741573051 40.933418231254002 39.337076187848837 62.358623144175368 84.269662921348342 46.645991808782057 32.022471910112365 15.730337078651687 51.918133868264512 54.449384442533798 58.988764044943828 22.471910112359556 40.449438202247201
decision_type=2 2 2 2 2 2 2 2 2 2 2 2 2 2
left_child=2 6 3 -1 -3 -6 -2 -4 -9 -10 11 -11 -12 -14
right_child=1 4 7 -5 5 -7 -8 8 9 10 12 -13 13 -15
leaf_value=-0.00044755123462355596 -0.0098309273130905307 -0.018348560281472286 -0.014967617200377786 0.016541419278605595 0.0028551817832901654 -0.01246608426162288 0.014866539983457239 0.0067064626733428882 -0.013850475861223633 -0.0045474081247459386 0.024294493329827971 0.027801158455180469 -0.020815753003724291 -0.0027857097802862145
leaf_weight=84.319067657459527 2.2749716667458406 4.0758874830789855 16.701236692257226 6.0238971104845396 54.626753087854013 7.4542511347681275 31.523647272028029 8.8042985312640649 16.201968220993876 5.1027691625058678 0.5216988474130656 2.7188006769865751 4.6020469237118986 16.288658164907247
leaf_count=3188 80 244 988 249 1126 467 349 130 950 335 4 33 127 1000
internal_value=-5.86732e-11 0.0040772 -0.00253639 0.000853931 -0.000591185 0.000847055 0.0129694 -0.00680576 -0.00406717 -0.00625428 -0.00172547 0.00857389 -0.00570234 -0.00752703
internal_weight=261.24 99.9555 161.284 90.343 66.1569 62.081 33.7986 70.9415 54.2402 45.4359 29.234 7.82157 21.4124 20.8907
internal_count=9270 2266 7004 3437 1837 1593 429 3567 2579 2449 1499 368 1131 1127
is_linear=0
shrinkage=0.05


Tree=36
num_leaves=15
num_cat=0
split_feature=2 1 0 2 1 0 0 2 2 3 0 0 1 0
split_gain=0.993038 1.29425 0.783948 0.765107 0.695803 0.657702 0.770551 1.05802 0.88361 0.95493 0.881332 0.825402 0.743896 0.621293
threshold=61.797752808988768 81.460674157303387 46.645991808782057 41.573033707865186 84.831460674157313 40.933418231254002 39.337076187848837 48.314606741573051 22.471910112359556 37.537082882747733 21.456683636194864 14.196748717817743 1.6853932584269666 55.89164839913731
decision_type=2 2 2 2 2 2 2 2 2 2 2 2 2 2
left_child=1 5 -3 -4 13 6 7 8 9 12 -9 -10 -1 -5
right_child=-2 2 3 4 -6 -7 -8 10 11 -11 -12 -13 -14 -15
leaf_value=-0.02326842361790029 -0.0063489720608507251 -0.018551200335984935 0.024040705671733428 -0.03229127543326725 0.0076844596733583181 -0.0050811630340111685 0.01863955021899329 0.019821844728858475 0.0045433128317643066 0.032346719659164982 -0.0035948193372491474 -0.015917807111048531 0.0020951820136224618 0.0021876898926008167
leaf_weight=2.1556223859079173 48.867647948907688 1.9532886641100038 5.8942093700170508 1.1447280906140793 56.577859087847173 61.597067458555102 5.2247741189785293 9.9686601618304831 6.3479908257722881 1.4322955459356297 5.9172645881772032 16.448794641997665 33.458367274142802 3.0482630003243685
leaf_count=105 2949 90 55 25 774 2590 188 152 129 12 431 954 765 51
internal_value=-4.78243e-10 0.00149224 0.00708161 0.00809571 0.00618504 -0.00122884 0.00172859 0.000334129 -0.00274337 0.0020356 0.0114032 -0.0102687 -3.35884e-05 -0.011631
internal_weight=260.037 211.169 68.6183 66.6651 60.7709 142.551 80.9538 75.729 59.8431 37.0463 15.8859 22.7968 35.614 4.19299
internal_count=9270 6321 995 905 850 5326 2736 2548 1965 882 583 1083 870 76
is_linear=0
shrinkage=0.05


Tree=37
num_leaves=15
num_cat=0
split_feature=0 1 2 2 3 3 0 2 1 2 2 1 2 2
split_gain=0.871037 0.68824 0.62787 0.502864 0.820432 0.973611 0.513554 0.967979 0.961823 0.928464 0.63931 0.92421 0.808485 0.749463
threshold=86.68411394591422 99.438202247191029 68.539325842696641 61.797752808988768 80.837314668747055 70.255991575653383 8.3800379833062077 37.078651685393275 3.9325842696629221 49.438202247191022 37.078651685393275 57.865168539325843 7.3033707865168589 42.696629213483156
decision_type=2 2 2 2 2 2 2 2 2 2 2 2 2 2
left_child=1 3 -2 4 5 6 7 -1 9 -8 11 12 -10 -12
right_child=2 -3 -4 -5 -6 -7 8 -9 10 -11 13 -13 -14 -15
leaf_value=-0.0097831171575617649 0.011016338073411507 -0.029553225499550792 -0.01624056951428347 -0.005356628424068359 -0.027202324962475839 0.0098349811110017161 -0.023398411025869963 0.019327008663896084 0.0048983034765199473 0.017115384035534899 -0.014776046208971706 0.012372957473623505 -0.0065202668987049718 -0.0013299267036631487
leaf_weight=3.6433044672012311 22.832978943362836 1.0846752822399128 1.4401616724207986 45.299876095959917 1.6439814995974291 24.958028516732156 7.0701740556396526 7.1147698312997818 32.808519974816591 0.95911051565781225 12.002285059541462 17.6923020593822 27.632246671244502 52.279415786731988
leaf_count=144 292 21 41 2873 25 376 249 80 618 28 576 297 1347 2303
internal_value=3.63122e-10 -0.000947845 0.00882053 -0.000689068 0.000459194 0.00084751 -0.000596026 0.00947504 -0.001374 -0.0171994 -0.000368069 0.0026562 -0.000343184 -0.00402839
internal_weight=258.462 234.189 24.2731 233.104 187.804 186.16 161.202 10.7581 150.444 8.02928 142.415 78.1331 60.4408 64.2817
internal_count=9270 8937 333 8916 6043 6018 5642 224 5418 277 5141 2262 1965 2879
is_linear=0
shrinkage=0.05


Tree=38
num_leaves=15
num_cat=0
split_feature=0 1 2 2 3 1 0 0 2 1 2 1 2 0
split_gain=0.860243 0.690268 0.541911 0.508057 0.68212 0.864002 0.736197 0.631494 1.02635 0.611854 0.825398 0.869078 0.675307 0.631542
threshold=86.68411394591422 99.438202247191029 68.539325842696641 61.797752808988768 81.57241277677376 83.707865168539342 46.14599218970524 26.047502814562016 48.314606741573051 11.797752808988765 34.83146067415732 58.988764044943828 7.3033707865168589 31.570204149119913
decision_type=2 2 2 2 2 2 2 2 2 2 2 2 2 2
left_child=1 3 -2 4 5 7 -7 8 -1 -9 11 12 -11 -13
right_child=2 -3 -4 -5 -6 6 -8 9 -10 10 -12 13 -14 -15
leaf_value=-0.00075557712306402946 0.010750998032088753 -0.0303217223581639 -0.015258051157071432 -0.0053908754532328079 -0.030596287031617476 -0.020781141765269562 0.0084603040014141623 -0.013322822942550928 0.01643399385648802 0.0050211967322918967 -0.0068776369948401741 -0.017366188742461337 -0.0083348101868102285 0.01552018898103893
leaf_weight=30.960890275426209 22.853878743946556 0.98311195336282153 1.3176401695236553 45.121330810012296 0.75152049772441287 1.3351717591285694 39.944320995360613 12.011312408372758 11.024988060351459 18.231247468851507 41.020605077501386 0.79879290610551734 17.689776458777487 13.350456679239867
leaf_count=902 292 21 41 2873 13 64 563 558 242 309 2304 17 882 189
internal_value=-9.31053e-12 -0.000943929 0.00878335 -0.000690099 0.000466063 0.000753948 0.00704535 -0.00107201 0.0040355 -0.00317071 -0.00170191 0.00259 -0.00160374 0.0126398
internal_weight=257.395 233.224 24.1715 232.24 187.119 186.368 41.2795 145.088 41.9859 103.102 91.0909 50.0703 35.921 14.1492
internal_count=9270 8937 333 8916 6043 6030 627 5403 1144 4259 3701 1397 1191 206
is_linear=0
shrinkage=0.05


Tree=39
num_leaves=15
num_cat=0
split_feature=0 3 3 3 2 1 0 2 3 0 3 0 0 0
split_gain=0.819446 0.55715 0.981514 0.653925 0.714145 0.575776 0.886944 0.998974 0.643644 0.566076 0.49758 0.493366 0.615597 0.811866
threshold=86.68411394591422 81.57241277677376 83.011271900257341 76.449891816802918 61.797752808988768 27.528089887640451 8.3800379833062077 43.820224719101141 32.126791224185347 34.655119027481994 91.312095179565418 15.969591180443706 22.18997773046873 25.687301448836227
decision_type=2 2 2 2 2 2 2 2 2 2 2 2 2 2
left_child=1 3 -3 4 5 6 7 -1 11 -10 -2 -7 -13 -14
right_child=10 2 -4 -5 -6 8 -8 -9 9 -11 -12 12 13 -15
leaf_value=-0.007022558580919879 0.010413854187892767 -0.03621415453397759 0.0034322766972371939 0.009425474569100244 -0.0075783713060399056 -0.012850101660420247 -0.0062101865934615814 0.022672662330964984 -0.011940083733508524 0.0018748324094401744 -0.015134149122546013 0.029753096966892597 -0.022482405253930169 0.012664177772146219
leaf_weight=4.5176171781495196 22.879803090356294 2.001245580147951 2.9285069578327239 14.406964726746081 35.803217386594042 1.0206496967002738 54.007427693344653 5.2322883084416389 7.0527710369788101 93.167938007507473 1.2001179745420802 3.7338364245370022 1.0952404495328645 7.2428552834317088
leaf_count=156 302 56 106 333 2527 24 2199 44 403 2819 31 70 40 160
internal_value=-2.20699e-10 -0.00092356 -0.0160553 -0.000526457 -0.00124091 7.58711e-05 -0.0036915 0.00954006 0.00220938 0.000794287 0.0085879 0.0122166 0.0151568 0.00613433
internal_weight=256.29 232.211 4.92975 227.281 212.874 177.071 63.7573 9.74991 113.313 100.221 24.0799 13.0926 12.0719 8.3381
internal_count=9270 8937 162 8775 8442 5915 2399 200 3516 3222 333 294 270 200
is_linear=0
shrinkage=0.05


end of trees

feature_importances:
rule_rank_momentum_score=201
rule_time_series_score=151
rule_cross_section_score=138
rule_direction_score=70

parameters:
[boosting: gbdt]
[objective: lambdarank]
[metric: ndcg]
[tree_learner: serial]
[device_type: cpu]
[data_sample_strategy: bagging]
[data: ]
[valid: ]
[num_iterations: 40]
[learning_rate: 0.05]
[num_leaves: 15]
[num_threads: 1]
[seed: 20260720]
[deterministic: 1]
[force_col_wise: 1]
[force_row_wise: 0]
[histogram_pool_size: -1]
[max_depth: -1]
[min_data_in_leaf: 2]
[min_sum_hessian_in_leaf: 0.001]
[bagging_fraction: 1]
[pos_bagging_fraction: 1]
[neg_bagging_fraction: 1]
[bagging_freq: 0]
[bagging_seed: 843]
[bagging_by_query: 0]
[feature_fraction: 1]
[feature_fraction_bynode: 1]
[feature_fraction_seed: 57]
[extra_trees: 0]
[extra_seed: 8811]
[early_stopping_round: 0]
[early_stopping_min_delta: 0]
[first_metric_only: 0]
[max_delta_step: 0]
[lambda_l1: 0]
[lambda_l2: 1]
[linear_lambda: 0]
[min_gain_to_split: 0]
[drop_rate: 0.1]
[max_drop: 50]
[skip_drop: 0.5]
[xgboost_dart_mode: 0]
[uniform_drop: 0]
[drop_seed: 21666]
[top_rate: 0.2]
[other_rate: 0.1]
[min_data_per_group: 100]
[max_cat_threshold: 32]
[cat_l2: 10]
[cat_smooth: 10]
[max_cat_to_onehot: 4]
[top_k: 20]
[monotone_constraints: ]
[monotone_constraints_method: basic]
[monotone_penalty: 0]
[feature_contri: ]
[forcedsplits_filename: ]
[refit_decay_rate: 0.9]
[cegb_tradeoff: 1]
[cegb_penalty_split: 0]
[cegb_penalty_feature_lazy: ]
[cegb_penalty_feature_coupled: ]
[path_smooth: 0]
[interaction_constraints: ]
[verbosity: -1]
[saved_feature_importance_type: 0]
[use_quantized_grad: 0]
[num_grad_quant_bins: 4]
[quant_train_renew_leaf: 0]
[stochastic_rounding: 1]
[linear_tree: 0]
[max_bin: 255]
[max_bin_by_feature: ]
[min_data_in_bin: 3]
[bin_construct_sample_cnt: 200000]
[data_random_seed: 4432]
[is_enable_sparse: 1]
[enable_bundle: 1]
[use_missing: 1]
[zero_as_missing: 0]
[feature_pre_filter: 1]
[pre_partition: 0]
[two_round: 0]
[header: 0]
[label_column: ]
[weight_column: ]
[group_column: ]
[ignore_column: ]
[categorical_feature: ]
[forcedbins_filename: ]
[precise_float_parser: 0]
[parser_config_file: ]
[objective_seed: 7759]
[num_class: 1]
[is_unbalance: 0]
[scale_pos_weight: 1]
[sigmoid: 1]
[boost_from_average: 1]
[reg_sqrt: 0]
[alpha: 0.9]
[fair_c: 1]
[poisson_max_delta_step: 0.7]
[tweedie_variance_power: 1.5]
[lambdarank_truncation_level: 30]
[lambdarank_norm: 1]
[label_gain: 0,1,3,7,15]
[lambdarank_position_bias_regularization: 0]
[eval_at: 1,2,3,4,5]
[multi_error_top_k: 1]
[auc_mu_weights: ]
[num_machines: 1]
[local_listen_port: 12400]
[time_out: 120]
[machine_list_filename: ]
[machines: ]
[gpu_platform_id: -1]
[gpu_device_id: -1]
[gpu_use_dp: 0]
[num_gpu: 1]

end of parameters

pandas_categorical:null
