tree
version=v4
num_class=1
num_tree_per_iteration=1
label_index=0
max_feature_idx=9
objective=lambdarank
feature_names=momentum_1d momentum_3d momentum_5d momentum_10d momentum_20d volatility_5d volatility_20d drawdown_20d volume_change_5d amount_change_5d
feature_infos=[-0.10813718513007242:0.12229216739576731] [-0.18234825421959322:0.27465397817296533] [-0.25743860440229616:0.28092117351019485] [-0.27022648853672249:0.40351170424303073] [-0.28062547585271636:0.58906651566951895] [0.0012453562741035964:0.088373331352552278] [0.0039238631080082331:0.060188323905258592] [0.0043877162311911633:0.28987731592235633] [-0.70556637982934856:5.1127031970119425] [-0.70850366100994711:4.4775219112457263]
tree_sizes=1757 1731 1734 1742 1739 1729 1744 1736 1742 1739 1728 1735 1730 1734 1741 1744 1741 1730 1752 1738 1746 1743 1752 1734 1747 1743 1738 1739 1742 1751 1754 1739 1745 1763 1739 1745 1752 1741 1742 1754

Tree=0
num_leaves=15
num_cat=0
split_feature=4 7 5 6 7 6 5 6 4 6 4 4 6 2
split_gain=16.6982 8.53379 5.28834 3.07571 3.01192 4.38485 2.81363 2.71794 2.47526 2.52683 2.38892 1.84778 1.83281 1.73371
threshold=0.065487569921317448 0.068689610146064964 0.016545911580750378 0.0083628833437192508 0.12798707022747538 0.025614282555239589 0.021656161071158458 0.017056334415694371 0.0052317840191022933 0.017413974783175103 0.16706649897786965 -0.13066248337924688 0.020037308647815982 -0.017489284818133274
decision_type=2 2 2 2 2 2 2 2 2 2 2 2 2 2
left_child=1 3 8 -1 5 6 -4 -5 9 -3 -2 -6 -8 -9
right_child=10 2 4 7 11 -7 12 13 -10 -11 -12 -13 -14 -15
leaf_value=0.016507144702901665 0.022733934540001763 -0.0044511919576207919 -0.0040010226812779741 -0.032255700869651863 0.018788464461530895 0.047640998546348345 0.044341640707377769 0.014987654365584227 0.01748399624572964 -0.027947456958912289 0.054799322630107505 -0.0137292628299195 0.0084853433717629878 -0.019424275396682726
leaf_weight=4.0643444051966062 22.90449122199789 30.194727231748402 17.323370346799496 37.823444313369691 5.1807076130062368 9.2934635989367944 5.9586916575208297 5.3021366014145315 6.4973352514207354 17.902287558652461 8.5588340489193779 14.116146225947885 8.5478759729303402 7.8673651567660254
leaf_count=164 1008 1701 776 2074 224 252 194 159 272 846 252 649 367 332
internal_value=3.06241e-10 -0.00623867 0.00154469 -0.0222356 0.0116451 0.0191498 0.00963342 -0.0255816 -0.00964201 -0.0135879 0.0328759 -0.00450353 0.0251233 -0.00548981
internal_weight=201.535 170.072 115.015 55.0573 60.4203 41.1234 31.8299 50.9929 54.5944 48.097 31.4633 19.2969 14.5066 13.1695
internal_count=9270 8010 5281 2729 2462 1589 1337 2565 2819 2547 1260 873 561 491
is_linear=0
shrinkage=0.05


Tree=1
num_leaves=15
num_cat=0
split_feature=5 4 7 4 6 5 6 5 6 6 8 2 4 4
split_gain=62.1581 27.1718 16.0214 10.7943 6.75879 8.90926 6.58018 6.38536 6.13493 5.8561 10.0825 14.2453 7.66318 6.47219
threshold=0.01612148348897165 0.068897466118907694 0.051806047976251331 0.16706649897786965 0.028110065585420618 0.029233049867952384 0.020669014288625314 0.010649446260398689 0.021686267123913344 0.030180892941662905 0.41053234176487136 -0.010256462436691536 0.17941002759768557 0.037226028448347444
decision_type=2 2 2 2 2 2 2 2 2 2 2 2 2 2
left_child=1 8 3 6 -5 -6 -2 -3 -1 12 11 -11 -4 -12
right_child=2 7 9 4 5 -7 -8 -9 -10 10 13 -13 -14 -15
leaf_value=-0.036062940245696111 -0.0099999472042425659 -0.014471798999707144 0.0079872426466678064 0.075778706228195686 -0.063487686553796427 0.048399329482608174 0.051592127183772873 0.02207097737198891 -0.0035931613522878015 0.0033352050529790729 0.043112514700048246 0.065076974128682727 -0.048556532250279616 -0.04270622171942038
leaf_weight=126.31372359395027 11.781475313939156 17.230682270601392 156.07307709380984 20.798358485102657 1.6482680588960636 4.5505685731768608 5.6412239316850892 34.326785545796156 16.689950056374073 17.118947509676218 2.1500473078340274 19.869977451860905 5.2413093820214263 6.8231139481067657
leaf_count=4524 246 276 2966 67 8 14 59 333 465 126 18 107 27 34
internal_value=2.0904e-10 -0.0211648 0.0163794 0.0433111 0.0625907 0.0139622 0.0116607 0.00981527 -0.0323247 0.0104276 0.0259847 0.0373421 0.00586223 -0.0198823
internal_weight=446.258 194.561 251.696 44.4199 26.9972 6.19884 17.4227 51.5575 143.004 207.276 45.9621 36.9889 161.314 8.97316
internal_count=9270 5598 3672 394 89 22 305 609 4989 3278 285 233 2993 52
is_linear=0
shrinkage=0.05


Tree=2
num_leaves=15
num_cat=0
split_feature=6 4 4 5 8 1 5 5 7 2 7 7 7 4
split_gain=56.519 23.9914 18.6384 11.8623 9.68015 10.1813 8.1042 7.29246 6.33614 6.30278 4.725 5.31271 6.12543 4.70284
threshold=0.017817768502999289 0.030556875292749756 0.10256734289101889 0.016711394304522443 0.31376516151077433 -0.016805556216228697 0.011542986338608998 0.015471984880269166 0.097465840674084273 -0.0085232210665027713 0.23411600798910373 0.12309636453756313 0.11832430463843598 0.17941002759768557
decision_type=2 2 2 2 2 2 2 2 2 2 2 2 2 2
left_child=2 3 6 -2 5 8 -1 -7 -3 -9 11 12 -5 -4
right_child=1 4 13 10 -6 7 -8 9 -10 -11 -12 -13 -14 -15
leaf_value=-0.044172149188882674 -0.029366777809351399 0.024731915939322665 0.008417283368672205 0.0059688370449983291 -0.0017802619084227402 0.017297485510023261 -0.019019149773221389 0.01684949622229134 -0.026847576341710474 0.061432325110165165 0.05530142589466755 -0.011601450820855914 0.045531279884734259 0.068206976861818133
leaf_weight=60.073666396550834 27.037026647478342 17.085977475158874 12.458218446001412 64.786797396838665 19.995526742190123 19.468825030140579 73.166342916898429 10.582739874720572 7.92742596566677 47.703828956931829 3.8456060700118533 33.474305813200772 10.61998658441007 3.6504820287227622
leaf_count=2508 1030 193 206 924 246 261 2463 97 66 319 29 813 90 25
internal_value=3.3364e-11 0.0139562 -0.0244622 -0.000238674 0.0299881 0.0361268 -0.0306044 0.0449647 0.00798131 0.0537584 0.00694437 0.00474869 0.0120636 0.0251613
internal_weight=411.877 262.528 149.349 139.764 122.764 102.769 133.24 77.7554 25.0134 58.2866 112.727 108.881 75.4068 16.1087
internal_count=9270 4068 5202 2886 1182 936 4971 677 259 416 1856 1827 1014 231
is_linear=0
shrinkage=0.05


Tree=3
num_leaves=15
num_cat=0
split_feature=4 5 4 6 5 8 6 5 3 4 4 7 9 3
split_gain=55.9544 36.0711 11.7444 9.66922 8.1146 8.68746 5.99156 5.11337 7.00903 5.06436 4.99246 4.95313 4.0118 8.10714
threshold=0.063794651734372945 0.018001804448019555 0.16706649897786965 0.025253299408496736 0.019066004270153411 0.31376516151077433 0.016372589690195973 0.028032799905350351 -0.12608476339889416 -0.062124974011649785 -0.0054074591510122607 0.12309636453756313 0.21261674774859121 0.17060225697883682
decision_type=2 2 2 2 2 2 2 2 2 2 2 2 2 2
left_child=1 6 4 -3 -2 -6 -1 11 -9 -10 -8 -5 -4 -14
right_child=2 3 12 7 5 -7 10 8 9 -11 -12 -13 13 -15
leaf_value=-0.039739138326747199 0.0015370619772803254 -0.0042222502608441218 0.058129167881508452 0.051984801976528355 0.043711094623797075 -0.026393213745813399 -0.030064155117684666 0.062925509876772603 -0.045267709201358093 0.0095507212163568576 0.0002769552571597952 0.0043112314558215485 0.040772615721564119 -0.049440734523973275
leaf_weight=79.313876554369926 43.604298538528383 85.914705472998321 31.098450124263763 18.065536413341764 29.378081005066633 4.4861852657049885 32.519430167973042 3.1866468731313971 5.2999141179025218 11.947844969108697 22.735942590981722 7.8982834704220286 10.585172263905404 2.2665638774633399
leaf_count=3747 741 1859 162 130 224 79 1259 19 106 137 580 137 66 24
internal_value=1.51493e-10 -0.0127979 0.028005 0.00573411 0.0159506 0.0339333 -0.0309271 0.0238702 0.00475523 -0.00885158 -0.0177967 0.0381801 0.048425 0.0224417
internal_weight=388.301 266.882 121.419 132.313 77.4686 33.8643 134.569 46.3982 20.4344 17.2478 55.2554 25.9638 43.9502 12.8517
internal_count=9270 7974 1296 2388 1044 303 5586 529 262 243 1839 267 252 90
is_linear=0
shrinkage=0.05


Tree=4
num_leaves=15
num_cat=0
split_feature=4 5 4 6 5 8 6 4 2 2 3 6 4 5
split_gain=48.7369 32.433 9.52263 9.29251 7.6579 5.7513 4.84379 4.2727 4.11791 3.6956 4.58093 4.0238 2.92838 2.74466
threshold=0.063794651734372945 0.018001804448019555 0.16706649897786965 0.025253299408496736 0.019066004270153411 0.31376516151077433 0.016307738751807091 -0.0054074591510122607 -0.019082322983991536 -0.0064805905358337737 0.046138903600281285 0.019963903022355154 -0.044670018413547778 0.036289794310613577
decision_type=2 2 2 2 2 2 2 2 2 2 2 2 2 2
left_child=1 6 4 -3 -2 9 12 -8 13 10 -6 -11 -1 -4
right_child=2 3 8 -5 5 -7 7 -9 -10 11 -12 -13 -14 -15
leaf_value=-0.02560628057891845 0.00066804041701557057 -0.0046695302899484705 0.02370776064773468 0.023286601499140677 0.02744888782329756 -0.023574988137386517 -0.030841487440455697 -0.0022632128381974213 0.050274987629893367 0.0014509216532856946 -0.050397662810205385 0.057861901406052824 -0.047659502137712029 -0.045354767180092147
leaf_weight=30.402314980514348 40.932541543617845 82.78921989351511 3.0188964679837218 45.15333478525281 6.5341331530362385 3.4575743675231925 28.964695191010833 23.510355367325246 38.092458870261908 3.8070995453745153 1.5424554236233232 19.272476244717836 41.810862961225212 1.2413292676210401
leaf_count=1489 741 1859 21 529 65 79 1279 584 218 44 17 98 2234 13
internal_value=6.94093e-11 -0.0123825 0.0264138 0.00530079 0.0154361 0.0323909 -0.030425 -0.0183193 0.0451874 0.0391417 0.00866733 0.0490033 -0.0388515 -0.0012121
internal_weight=370.53 252.631 117.899 127.943 75.5463 34.6137 124.688 52.4751 42.3527 31.1562 8.07659 23.0796 72.2132 4.26023
internal_count=9270 7974 1296 2388 1044 303 5586 1863 252 224 82 142 3723 34
is_linear=0
shrinkage=0.05


Tree=5
num_leaves=15
num_cat=0
split_feature=4 5 5 6 5 4 8 2 3 0 1 7 6 6
split_gain=39.2958 26.5238 8.76871 6.00524 3.92325 3.43666 3.2798 2.98219 3.78642 3.70034 2.97136 2.91 2.65851 2.26156
threshold=0.063794651734372945 0.018001804448019555 0.01612148348897165 0.025614282555239589 0.010899567945764573 0.15112976239453493 0.39714531683831172 0.060212227664123159 0.043054790840222464 -0.0011257875806487958 -0.053585238639947512 0.036010819136743651 0.027166307926354629 0.026124659882316176
decision_type=2 2 2 2 2 2 2 2 2 2 2 2 2 2
left_child=1 4 5 -3 -1 -2 10 8 -5 -9 -4 -7 -6 -10
right_child=2 3 6 7 12 11 -8 9 13 -11 -12 -13 -14 -15
leaf_value=-0.038949735000163493 -0.0040143352566521431 -0.003342941623875024 -0.0086738682245846282 0.018544500534134711 -0.022419781935676755 0.048638516964534063 0.0015219774479595825 -0.033387296552526508 0.023092760436612281 0.055850464835217051 0.039640217259255817 -0.0068017685189829249 0.016491855471092914 -0.044614344820036927
leaf_weight=49.8006287291646 29.112365412525833 82.821418633684516 3.0025344938039771 31.803614474833012 64.179179108701646 5.7625642381608468 7.1112772673368445 0.67651131749153126 1.0129882059991349 7.288109377026557 64.869645193219185 3.3018093407154083 4.00502701755613 3.2942603956907988
leaf_count=2524 571 1903 31 355 2991 58 117 11 10 62 475 44 71 47
internal_value=-1.2404e-10 -0.0112554 0.0242422 0.0046126 -0.0282173 0.00456342 0.0340695 0.0193042 0.0124822 0.0453918 0.037408 0.0297744 -0.0199288 -0.02734
internal_weight=358.042 244.882 113.16 126.897 117.985 38.1767 74.9835 44.0755 36.1109 7.96462 67.8722 9.06437 68.1842 4.30725
internal_count=9270 7974 1296 2388 5586 673 623 485 412 73 506 102 3062 57
is_linear=0
shrinkage=0.05


Tree=6
num_leaves=15
num_cat=0
split_feature=4 5 5 4 1 4 7 6 5 8 5 2 2 7
split_gain=31.6377 22.434 10.1062 5.89974 4.83012 3.20801 4.01101 3.92168 5.01013 3.05607 3.50767 2.93467 2.80696 2.65058
threshold=0.043849757710266675 0.01786779921613612 0.010649446260398689 0.16706649897786965 0.052366696568980416 -0.13066248337924688 0.14570192579227773 0.025253299408496736 0.027565502928945239 0.9073933762733285 0.018971034358525953 -0.065066017275462615 -0.047332535639015398 0.21598335597797544
decision_type=2 2 2 2 2 2 2 2 2 2 2 2 2 2
left_child=1 -1 -2 9 5 13 7 12 11 10 -4 -9 -7 -3
right_child=2 4 3 -5 -6 6 -8 8 -10 -11 -12 -13 -14 -15
leaf_value=-0.028717993229444662 -0.018399708053477661 0.0046625231379805124 0.0061914504017378229 0.040285768319447801 0.035583265424850477 0.012520145984097623 -0.031551101718525716 -0.023898365478399058 -0.013227298709991868 -0.029714800684989991 0.02798707314022595 0.040654087326176397 -0.012104359274956619 0.050987395964604457
leaf_weight=101.49981059180573 14.950829053297637 8.1284063756465894 34.89630585629493 38.214210011065006 9.5974315563216788 14.478719612583509 9.9309419458731991 1.3376206774264563 8.0189907886087877 2.6266508530825368 39.984638560563326 13.835840549319984 45.821080268360681 4.2165539264678946
leaf_count=5161 491 156 648 237 131 315 258 15 125 49 411 121 1120 32
internal_value=1.66352e-10 -0.0116944 0.0193496 0.0243425 0.00340118 0.00017504 -0.0030697 0.000651326 0.0176904 0.0160688 0.0180452 0.0338377 -0.00608392 0.0231203
internal_weight=347.538 216.865 130.673 115.722 115.366 105.768 93.4232 83.4923 23.1925 77.5076 74.8809 15.1735 60.2998 12.345
internal_count=9270 7434 1836 1345 2273 2142 1954 1696 261 1108 1059 136 1435 188
is_linear=0
shrinkage=0.05


Tree=7
num_leaves=15
num_cat=0
split_feature=4 5 5 4 2 4 7 6 6 1 6 7 1 7
split_gain=27.9097 19.8832 8.18684 5.05667 4.03119 3.38261 2.68001 5.94718 2.73794 2.73231 2.63837 2.45164 8.53639 4.00894
threshold=0.043849757710266675 0.018001804448019555 0.010649446260398689 0.16706649897786965 0.06398466160151596 -0.14190571270525246 0.051553360886846707 0.030782352420441 0.031535420825838587 0.078635096996199874 0.037090819448020972 0.083797876578534672 -0.018630179658710718 0.07760537268537189
decision_type=2 2 2 2 2 2 2 2 2 2 2 2 2 2
left_child=1 -1 -2 11 5 -3 8 -8 -5 -10 -7 13 -13 -4
right_child=2 4 3 6 -6 10 7 -9 9 -11 -12 12 -14 -15
leaf_value=-0.027421627757207891 -0.017039057276290345 0.02709422292259648 0.013242191128845475 0.052573452854659711 0.032617471693697081 -0.0012539235010951091 -0.030630386647109483 0.035694922204571156 -0.049573800818150958 0.037073640240729559 -0.048750658777126331 -0.034527200917470365 0.049988284155104881 -0.036526020357940114
leaf_weight=98.988571424502879 13.984950258396564 9.5245838891714794 57.702886645682156 21.377848327159885 9.63161185197532 89.148676875978708 3.6822220720350733 12.274296436458824 0.84841663762926944 0.82253657281398773 2.0255498308688393 3.0780102219432601 12.339181490242478 3.3912123516201964
leaf_count=5194 491 129 898 115 117 1969 37 72 9 4 25 48 108 54
internal_value=4.53558e-10 -0.0112708 0.0181642 0.0225357 0.00333597 0.000242071 0.0370656 0.0194855 0.0479199 -0.00900988 -0.00282657 0.0147457 0.0320396 0.00993591
internal_weight=338.821 209.319 129.502 115.517 110.33 100.699 39.0053 15.9565 23.0488 1.67095 91.1742 76.5113 15.4172 61.0941
internal_count=9270 7434 1836 1345 2240 2123 237 109 128 13 1994 1108 156 952
is_linear=0
shrinkage=0.05


Tree=8
num_leaves=15
num_cat=0
split_feature=4 5 5 9 2 6 9 1 6 1 6 0 7 0
split_gain=24.7982 18.1317 7.04475 6.32018 5.11185 4.23383 3.50607 3.20523 3.16636 4.01804 2.5112 2.4158 2.36463 2.13236
threshold=0.043849757710266675 0.018001804448019555 0.010649446260398689 0.8146320659946279 0.057296835900012895 0.025614282555239589 0.10349203054446988 0.0044088513170056362 0.016961954378132603 -0.016805556216228697 0.028662146252268077 -0.023935705725890429 0.17451816866950817 -0.0029399652362019908
decision_type=2 2 2 2 2 2 2 2 2 2 2 2 2 2
left_child=1 -1 -2 4 6 12 8 -6 -4 10 -10 -8 -3 -7
right_child=2 5 3 -5 7 13 11 -9 9 -11 -12 -13 -14 -15
leaf_value=-0.026505052524594841 -0.016056770109174036 -0.005948164215536407 -0.0034390323736418933 -0.027416147377428729 -0.031249645947440383 0.0011668495486494164 0.030161956891715976 0.045686126090418111 0.021220326552447637 0.03790937808825548 -0.018361402540195994 -0.0073592204081835344 0.031192204626387263 0.026160627966936519
leaf_weight=95.860527508426458 13.478392000310121 69.447191612794995 8.8498406410217267 5.5226409826427689 0.75412503629923122 13.596784307621418 4.4805933414027121 26.447440852411091 9.6367197446525079 34.217232018709183 5.4967361390590659 18.755738072097301 3.5744841629639259 22.36416669562459
leaf_count=5194 491 1735 218 85 8 177 43 215 118 301 68 289 60 268
internal_value=2.01948e-11 -0.0107625 0.0172216 0.021256 0.0239577 0.00319969 0.0173167 0.0425207 0.0237771 0.028629 0.00659657 0.000821848 -0.00373327 0.0169978
internal_weight=332.483 204.843 127.639 114.161 108.638 108.983 81.4369 27.2016 58.2005 49.3507 15.1335 23.2363 73.0217 35.961
internal_count=9270 7434 1836 1345 1260 2240 1037 223 705 487 186 332 1795 445
is_linear=0
shrinkage=0.05


Tree=9
num_leaves=15
num_cat=0
split_feature=4 5 4 7 1 9 2 4 7 2 8 5 9 3
split_gain=22.0965 16.1653 5.998 4.58937 3.3963 3.20173 3.2707 3.10071 2.81471 3.57182 2.74832 2.66952 2.12752 2.03378
threshold=0.043849757710266675 0.01786779921613612 0.16706649897786965 0.055319768755990768 0.056244108655976517 0.66181446213705097 -0.019082322983991536 0.10256734289101889 0.21598335597797544 -0.0036016052694717855 0.6450743128585027 0.024252413776045346 0.16864723330564071 -0.097396888616253272
decision_type=2 2 2 2 2 2 2 2 2 2 2 2 2 2
left_child=1 -1 3 7 8 6 -4 11 13 -10 -5 -2 -9 -3
right_child=2 4 5 10 -6 -7 -8 12 9 -11 -12 -13 -14 -15
leaf_value=-0.025354727279835329 -0.020682945999351273 -0.025074447175556399 -0.0074649039496698481 0.023118116438363451 0.031659513365195707 -0.01769191813198261 0.041994692612754674 0.026956584687637689 0.049897260763254646 -0.033460061850448169 -0.023617539287979092 0.023812718926202365 -0.0064695707416149231 0.00038510078512798984
leaf_weight=93.226604049094021 20.971059091389183 7.6189634073525658 3.4234098158776751 42.926119186915457 8.4090898344293219 2.3166794702410689 31.072517234832048 9.9606211474165338 4.4127000067383051 0.91865816712379356 2.5972395073622456 3.1191367227584115 7.8506536120548835 86.944247907958925
leaf_count=5161 655 211 33 546 104 20 199 142 34 11 58 29 154 1913
internal_value=1.19844e-10 -0.0102087 0.0165092 0.00918739 0.00294152 0.0331947 0.0370143 -0.00275369 0.000234226 0.0325176 0.0200014 -0.0142023 0.0126627 -0.0019071
internal_weight=325.768 201.53 124.237 87.4248 108.304 36.8126 34.4959 41.9015 99.8946 5.33136 45.5234 24.0902 17.8113 94.5632
internal_count=9270 7434 1836 1584 2273 252 232 980 2169 45 604 684 296 2124
is_linear=0
shrinkage=0.05


Tree=10
num_leaves=15
num_cat=0
split_feature=4 5 5 9 2 7 2 7 7 6 3 9 3 7
split_gain=20.7114 15.11 5.4979 3.79789 3.34285 3.28237 3.10669 3.02051 4.17424 3.37762 3.28344 2.80937 3.07482 2.72649
threshold=0.043849757710266675 0.01786779921613612 0.010649446260398689 0.8146320659946279 0.057296835900012895 0.23411600798910373 0.06398466160151596 0.046842032870664581 0.040842598657498626 0.020669014288625314 0.085957630082607719 0.21261674774859121 0.17060225697883682 0.12371685287084445
decision_type=2 2 2 2 2 2 2 2 2 2 2 2 2 2
left_child=1 -1 -2 4 7 6 -3 8 9 10 -4 -6 -13 -8
right_child=2 5 3 -5 11 -7 13 -9 -10 -11 -12 12 -14 -15
leaf_value=-0.024757652330550578 -0.013927347288254356 -0.0020333836126612409 -0.01365221009068558 -0.023748563761077542 0.052267046718850796 0.041911592197947552 0.040380739429182314 0.022617632400288558 -0.029739546418354936 0.04573817101885895 0.039938003102130158 0.027143472915678958 -0.035121340039529186 -0.015461167011319544
leaf_weight=91.449903214350343 12.877637676894663 93.348525782115757 10.264643535017973 4.0210005529224864 13.607435562647881 4.1140426862984887 7.2578386440873128 53.768079970963299 6.660498213954269 4.811918541789054 2.8300562016665927 11.69451846834272 1.4630697146058071 2.3664298187941313
leaf_count=5161 491 2131 242 85 92 27 77 604 130 33 28 112 19 38
internal_value=-1.43665e-10 -0.00994776 0.0161379 0.0197802 0.0216537 0.00281162 0.000861398 0.0160825 0.00145438 0.0140165 -5.83541e-05 0.0367929 0.0182282 0.0264873
internal_weight=320.536 198.537 121.999 109.121 105.1 107.087 102.973 78.3352 24.5671 17.9066 13.0947 26.765 13.1576 9.62427
internal_count=9270 7434 1836 1345 1260 2273 2246 1037 433 303 270 223 131 115
is_linear=0
shrinkage=0.05


Tree=11
num_leaves=15
num_cat=0
split_feature=4 5 5 9 4 7 1 7 7 2 2 2 9 3
split_gain=18.8698 13.7805 5.12829 3.01052 2.80882 2.8372 7.19249 3.80568 2.74208 2.86825 2.51888 2.37641 2.79889 3.74992
threshold=0.043849757710266675 0.01786779921613612 0.010165105976008974 0.8146320659946279 0.16706649897786965 0.083797876578534672 -0.018630179658710718 0.07760537268537189 0.23411600798910373 0.06398466160151596 -0.017042243201739801 -0.0085232210665027713 0.20279599209236224 0.17060225697883682
decision_type=2 2 2 2 2 2 2 2 2 2 2 2 2 2
left_child=1 -1 -2 4 5 7 -7 10 9 -3 -4 -6 -13 -14
right_child=2 8 3 -5 11 6 -8 -9 -10 -11 -12 12 13 -15
leaf_value=-0.023817297776100182 -0.015382447270886175 -0.0018776295901613456 0.033240335728010127 -0.021189334107666789 -0.0026191994811755196 -0.033034077647978215 0.048740018130280713 -0.038724792476457916 0.038235848402789513 0.026026998110950234 0.0067091573980236491 0.047470205489796885 0.026055367255588033 -0.047309030321084668
leaf_weight=89.957831401377916 11.352965798228977 92.915509568527341 10.565879157744339 3.7290636580437413 4.0864550396800032 2.613052500411869 12.389285590499636 2.9284653682261697 4.1600929312407962 9.2111402694135887 43.08686394896359 20.067665390670303 7.6995630636811239 1.2177120372653005
leaf_count=5161 451 2131 143 86 38 48 96 48 27 115 737 114 59 16
internal_value=1.70024e-10 -0.0095295 0.0155681 0.0189211 0.0205373 0.0146225 0.0333226 0.00917158 0.00267253 0.000867155 0.0124466 0.0325351 0.0374134 0.0122768
internal_weight=315.982 196.245 119.737 108.384 104.655 71.5835 15.0023 56.5812 106.287 102.127 53.6527 33.0714 28.9849 8.91728
internal_count=9270 7434 1836 1385 1299 1072 144 928 2273 2246 880 227 189 75
is_linear=0
shrinkage=0.05


Tree=12
num_leaves=15
num_cat=0
split_feature=4 5 4 7 1 2 9 9 3 5 7 9 6 6
split_gain=17.3465 12.2416 4.62426 4.3516 4.9173 3.08774 2.8695 2.79862 3.08841 2.78907 2.8579 2.62561 2.83616 2.48749
threshold=0.043849757710266675 0.01786779921613612 0.19398772866322536 0.083797876578534672 -0.016805556216228697 -0.019082322983991536 0.8146320659946279 0.21261674774859121 0.17060225697883682 0.0095752149928622198 0.07760537268537189 0.14426844697782962 0.033840345038530291 0.01795951711192775
decision_type=2 2 2 2 2 2 2 2 2 2 2 2 2 2
left_child=1 -1 3 9 -5 -4 -6 -7 -9 -2 11 12 13 -11
right_child=2 -3 5 4 6 7 -8 8 -10 10 -12 -13 -14 -15
leaf_value=-0.022756199821601361 -0.020668182070899047 0.0023178968501257058 -0.017371585026440248 -0.018877880800673007 0.047601637100697508 0.05028548138978748 -0.032289817137705817 0.02738009675437867 -0.038998754726950441 0.0021677132210712892 -0.034040438603421173 -0.0039697064294511924 -0.035598995713641134 0.028993584378273891
leaf_weight=88.436473010107875 8.9115232620388252 106.44754741247743 2.1295926123857525 3.4301417674869326 14.314987315796312 15.855579596012833 0.53455588221550066 5.7029924727976313 1.4175467472523449 12.897101428359745 2.8921056352555743 20.944433551281691 1.5004043541848648 26.289332923479378
leaf_count=5161 392 2273 25 62 109 90 13 43 22 323 57 395 15 290
internal_value=2.10269e-10 -0.00911857 0.0151602 0.00974722 0.0309049 0.0338038 0.0428699 0.0390738 0.0109903 0.00413614 0.0078251 0.0103018 0.0175674 0.0204383
internal_weight=311.704 194.884 116.82 91.7146 18.2797 25.1057 14.8495 22.9761 7.12054 73.4349 64.5234 61.6313 40.6868 39.1864
internal_count=9270 7434 1836 1656 184 180 122 155 65 1472 1080 1023 628 613
is_linear=0
shrinkage=0.05


Tree=13
num_leaves=15
num_cat=0
split_feature=5 4 5 6 4 8 5 5 3 6 7 5 6 7
split_gain=15.6145 11.1733 4.83225 3.24328 2.95011 2.91438 3.19889 3.11352 2.61001 2.52241 2.27564 2.26625 3.02156 3.1567
threshold=0.010768767688001203 0.043849757710266675 0.021656161071158458 0.025614282555239589 0.24699773336960154 0.38618836064598011 0.02208106354372321 0.019066004270153411 0.053298356983807922 0.016807348738413028 0.13087081510559087 0.034822836431848934 0.027762022690278471 0.048692564160561287
decision_type=2 2 2 2 2 2 2 2 2 2 2 2 2 2
left_child=8 2 3 -2 5 7 -7 -3 -1 -9 -11 12 -6 -14
right_child=1 4 -4 -5 11 6 -8 9 -10 10 -12 -13 13 -15
leaf_value=-0.029366814860149078 -0.014643480798529696 0.0055275067690641706 0.0068209600494368141 0.012592036316483974 0.063105407974330952 0.013161638674457694 -0.040916025819981806 -0.017298630787641368 0.0023532183183288292 0.031269835728482222 -0.020226842834349255 -0.001392050232570081 -0.04947348322803112 0.030981121239990209
leaf_weight=44.1138458205387 77.331091862171888 33.559953112155199 66.063451984897256 11.918324625119565 7.9582232162356359 5.3631555819883925 3.9225066993385553 2.5415411461144677 7.4081407967023543 39.863346019759774 1.6082867514342059 2.877991495653986 0.77541786059737239 2.9630960486829281
leaf_count=2548 3675 615 1279 211 44 109 79 47 227 354 21 29 11 21
internal_value=-8.10084e-11 0.00506336 -0.00337103 -0.0109072 0.0178848 0.014081 -0.0114392 0.0172425 -0.024848 0.025854 0.0288436 0.0381939 0.0472765 0.00737469
internal_weight=308.268 256.746 155.313 89.2494 101.434 86.8588 9.28566 77.5731 51.522 44.0132 41.4716 14.5747 11.6967 3.73851
internal_count=9270 6495 5165 3886 1330 1225 188 1037 2775 422 375 105 76 32
is_linear=0
shrinkage=0.05


Tree=14
num_leaves=15
num_cat=0
split_feature=4 6 7 4 6 7 5 7 2 7 7 7 4 7
split_gain=15.4904 10.9846 3.92598 3.38264 3.32374 5.03854 3.93324 3.4513 3.64617 3.33248 3.21583 3.05006 2.93138 4.47953
threshold=0.068897466118907694 0.017817768502999289 0.066757675632158744 0.24699773336960154 0.025253299408496736 0.09661288028568156 0.029699239996740293 0.12309636453756313 -0.045466707538585054 0.17451816866950817 0.025622788400389344 0.11909083924733706 -0.11283922728455024 0.15392114634640039
decision_type=2 2 2 2 2 2 2 2 2 2 2 2 2 2
left_child=1 2 -1 10 5 -3 9 8 -6 -7 -2 -10 -9 -14
right_child=3 4 -4 -5 7 6 -8 12 11 -11 -12 -13 13 -15
leaf_value=-0.032906051975058331 -0.022678311472033558 0.00791999560811627 -0.010946715230850279 0.03926798267160226 -0.02208427120828935 -0.026514280064302582 0.018319192064057327 0.019331689876211332 0.018209463313974546 0.022582494330795372 0.016064962687673844 0.059061830201635745 0.0032925678146789243 -0.057386436044495129
leaf_weight=37.913951517082751 4.9558307537809005 43.909875868819654 45.914943856187165 14.561776276677845 3.1588017260655787 34.237715849652886 6.4020228311419478 7.4835347733460393 18.772087488323454 3.0738150421529999 65.80006037093699 5.8402772024273863 8.2761432453989965 3.7188804969191542
leaf_count=2294 137 1089 2438 108 52 1278 187 98 261 84 943 41 158 102
internal_value=3.11926e-10 -0.00705115 -0.0211493 0.0179471 0.00180254 -0.00396081 -0.0158052 0.0123511 0.0233635 -0.0219857 0.0130731 0.0298308 -0.00372372 -0.0184884
internal_weight=304.02 218.702 83.8289 85.3177 134.873 87.6234 43.7136 47.2497 27.7712 37.3115 70.7559 24.6124 19.4786 11.995
internal_count=9270 8082 4732 1188 3350 2638 1549 712 354 1362 1080 302 358 260
is_linear=0
shrinkage=0.05


Tree=15
num_leaves=15
num_cat=0
split_feature=5 4 5 6 4 3 1 3 7 1 8 7 2 2
split_gain=13.6408 9.48504 4.00766 2.75095 2.74052 2.34194 2.26149 3.45514 2.06629 4.58326 2.49405 2.31269 2.27278 1.98993
threshold=0.010649446260398689 0.043849757710266675 0.02208106354372321 0.025614282555239589 0.16706649897786965 0.053298356983807922 0.066702132180194842 -0.050614262215332599 0.083797876578534672 -0.018630179658710718 0.34725465674149408 0.07760537268537189 -0.025239948522440544 -0.019082322983991536
decision_type=2 2 2 2 2 2 2 2 2 2 2 2 2 2
left_child=5 2 3 -2 8 -1 7 -4 11 -10 -11 12 -3 -6
right_child=1 4 6 -5 13 -7 -8 -9 9 10 -12 -13 -14 -15
leaf_value=-0.028567890769936745 -0.013276141308444643 0.032495246824706281 0.017115480557971491 0.011537869676820389 -0.008215399428112221 0.0025970860052791775 0.036393951647578901 -0.0074485931087031028 -0.029837293625243379 0.045142771347596089 -0.014639649818835762 -0.033363688015421979 0.0040433200120213479 0.033136624411269494
leaf_weight=41.116919830907136 78.440504841506481 7.4031619941815725 24.736759846098721 12.208044832572339 2.853090405464175 6.8501406167633823 4.7975155133754006 31.35944670252502 2.2784206606447706 11.645291849970812 1.5392121057957417 2.5241206483915439 45.132134698331356 27.01754991710186
leaf_count=2481 3815 95 512 220 33 220 54 623 48 82 26 54 803 204
internal_value=1.88207e-10 0.00467631 -0.0032241 -0.0098449 0.0165161 -0.0241551 0.00663168 0.00349348 0.0108758 0.0264747 0.0376235 0.00610089 0.0085848 0.0290487
internal_weight=299.902 251.935 151.542 90.6485 100.393 47.9671 60.8937 56.0962 70.5223 15.4629 13.1845 55.0594 52.5353 29.8706
internal_count=9270 6569 5224 4035 1345 2701 1189 1135 1108 156 108 952 898 237
is_linear=0
shrinkage=0.05


Tree=16
num_leaves=15
num_cat=0
split_feature=6 4 5 3 9 4 7 7 6 4 7 2 8 7
split_gain=11.8695 7.25142 4.41658 3.19898 2.705 2.65604 3.22497 3.70371 3.21408 2.30421 3.74051 3.56313 2.69536 2.3525
threshold=0.013829987631713088 0.043849757710266675 0.015160133338994032 0.061229683491659144 0.8146320659946279 -0.15594719991433667 0.12309636453756313 0.11832430463843598 0.024324034580949287 0.24699773336960154 0.083314559113557132 -0.01142215439188987 -0.48671143474379236 0.07760537268537189
decision_type=2 2 2 2 2 2 2 2 2 2 2 2 2 2
left_child=3 2 -2 -1 9 -4 7 -7 -9 10 13 12 -12 -3
right_child=1 4 5 -5 -6 6 -8 8 -10 -11 11 -13 -14 -15
leaf_value=-0.026533950424240383 -0.018004456419627904 0.0087899699987936276 0.03014214411319395 0.022147100982871915 -0.023239595058556384 0.0012596896320105119 -0.012838216792776309 -0.017951035608642314 0.046323592165479592 0.034475809835097425 0.042693861407808537 0.045743476197957302 -0.016992317685239709 -0.03354669802223495
leaf_weight=43.127284751273692 34.895826927386224 61.141972763929516 6.8633711957372716 2.9128782255575052 3.6898563336580983 64.674899668898433 32.641375007107854 1.9166654571890811 7.7461661277338862 14.071346107870339 1.7330031767487524 12.946097075939177 5.1495267804712084 2.4911454096436492
leaf_count=2781 1991 1023 100 68 89 1772 992 50 63 101 11 101 77 51
internal_value=4.35997e-11 0.00432024 -0.00270896 -0.0230487 0.0145745 0.00209548 3.36305e-05 0.00578099 0.0330866 0.0162264 0.0127779 0.0312133 0.00154617 0.00663916
internal_weight=296.001 249.961 148.738 46.0402 101.223 113.842 106.979 74.3377 9.66283 97.5331 83.4617 19.8286 6.88253 63.6331
internal_count=9270 6421 4968 2849 1453 2977 2877 1885 113 1364 1263 189 88 1074
is_linear=0
shrinkage=0.05


Tree=17
num_leaves=15
num_cat=0
split_feature=5 4 6 2 7 4 8 5 3 7 7 7 4 6
split_gain=11.0902 7.20507 4.91373 4.10232 2.77111 3.34614 2.42279 3.59406 2.13276 2.1029 3.08516 2.90481 2.34646 2.62228
threshold=0.010649446260398689 0.068897466118907694 0.025253299408496736 -0.047332535639015398 0.036010819136743651 0.32617339111272775 0.34725465674149408 0.019066004270153411 0.12846120861544688 0.12309636453756313 0.11909083924733706 0.23411600798910373 -0.04320642914701877 0.0263386941751023
decision_type=2 2 2 2 2 2 2 2 2 2 2 2 2 2
left_child=-1 2 3 -2 -3 6 7 -6 -8 10 12 -11 13 -4
right_child=1 4 9 -5 5 -7 8 -9 -10 11 -12 -13 -14 -15
leaf_value=-0.022295947603745706 0.0102902724038192 0.034150823405330204 0.02634825120192277 -0.011155941680648526 -0.00043640087475984831 -0.041342935435916536 0.0042068924559378312 0.027726508105831472 -0.050742100728935806 -0.010555914747434982 0.05079152991149908 0.034414790500232419 0.019737903343277952 -0.042804408744241754
leaf_weight=45.88414250779897 27.803185374476016 17.287333160638809 1.3312701880931914 99.504285586532205 17.373049253597856 1.9237862490117539 5.6852838052436701 31.395568393170834 1.4783819727599619 14.624739258550109 5.8994879750534883 3.6623988691717377 15.566314863041042 2.7479012310504913
leaf_count=2701 908 203 18 4073 283 23 101 274 28 316 42 27 218 55
internal_value=-2.08212e-10 0.00422725 -0.00145746 -0.00642852 0.0170233 0.0114123 0.0139212 0.0178867 -0.0119596 0.012802 0.0217901 -0.000232172 0.0110427 -0.0194917
internal_weight=292.167 246.283 171.14 127.307 75.1434 57.8561 55.9323 48.7686 7.16367 43.8321 25.545 18.2871 19.6455 4.07917
internal_count=9270 6569 5657 4981 912 709 686 557 129 676 333 343 291 73
is_linear=0
shrinkage=0.05


Tree=18
num_leaves=15
num_cat=0
split_feature=5 4 5 4 3 1 5 1 6 9 3 7 1 6
split_gain=10.0601 6.56388 3.56548 2.33419 2.22853 3.22728 2.07822 2.20084 2.06044 1.77116 1.76571 1.75818 3.85767 2.53707
threshold=0.010649446260398689 0.043849757710266675 0.02208106354372321 0.16706649897786965 -0.050614262215332599 0.052366696568980416 0.034822836431848934 0.060125013281133295 0.023117542895165225 -0.13789315911874192 0.053298356983807922 0.083797876578534672 -0.018630179658710718 0.032176407521962803
decision_type=2 2 2 2 2 2 2 2 2 2 2 2 2 2
left_child=10 2 8 11 9 -6 -5 -8 -2 -4 -1 13 -13 -3
right_child=1 3 4 6 5 -7 7 -9 -10 -11 -12 12 -14 -15
leaf_value=-0.025466859239360137 -0.012936360995858875 0.0068135213981516535 -0.0010105536768859941 0.032782479548225885 -0.0096776006128225997 0.027335454041325209 -0.023376225128931328 0.030103393049953953 0.0054884872010893329 0.026149622565676017 0.0021855000428767117 -0.029465984606991232 0.034300644562410922 -0.044034397345793723
leaf_weight=38.402995483484119 69.078100340440869 52.785125208552927 8.7845288552343863 22.142110664397482 26.76633857190609 6.4787983298301688 3.4825058784335843 2.3703503981232643 18.752015428151935 17.473540683276951 6.5873966561630359 2.0791325531899938 12.37071827985346 1.5791035182774056
leaf_count=2481 3562 933 201 180 580 93 38 19 473 315 220 48 108 19
internal_value=1.19407e-10 0.00402578 -0.00262405 0.0140695 0.00675854 -0.00187691 0.0260504 -0.000485211 -0.00898509 0.0173596 -0.0214586 0.00889207 0.0238122 0.00456787
internal_weight=289.133 244.142 147.333 96.809 59.5032 33.2451 27.995 5.85286 87.8301 26.2581 44.9904 68.8141 14.4499 54.3642
internal_count=9270 6569 5224 1345 1189 673 237 57 4035 516 2701 1108 156 952
is_linear=0
shrinkage=0.05


Tree=19
num_leaves=15
num_cat=0
split_feature=6 4 6 2 3 1 6 4 3 5 4 2 7 7
split_gain=9.10876 5.87486 3.39977 3.192 2.56604 2.39417 2.91885 3.2045 2.27724 2.52208 2.0928 2.01873 1.83534 2.33631
threshold=0.013829987631713088 0.14486942666840366 0.025253299408496736 -0.047332535639015398 0.061229683491659144 -0.025690162958627468 0.026586954905017123 -0.11671593278786845 -0.097396888616253272 0.02208106354372321 0.068897466118907694 -0.058497451245078318 0.14570192579227773 0.11909083924733706
decision_type=2 2 2 2 2 2 2 2 2 2 2 2 2 2
left_child=4 2 3 8 -1 6 -4 11 -2 -10 -5 -8 13 -7
right_child=1 -3 5 10 -6 12 7 -9 9 -11 -12 -13 -14 -15
leaf_value=-0.024006301682872686 -0.017782305663202564 0.022405968663614877 0.021907737690439685 -0.010283583073455265 0.019414629338061068 0.011326983257376147 0.04546105889945095 -0.038421246538587119 0.0010145753668428295 0.032579577764600069 0.0051552339077008281 -0.029475640440749823 -0.0054303767208745222 0.039023456582471805
leaf_weight=40.8963489276357 4.7437248881906298 35.186413173563778 4.8719214261509469 95.542675483971834 2.9682177705690256 21.884526692330837 1.605112547054887 6.745770917274057 12.25245482940227 12.236613608896731 27.732397225685418 0.54758342076092859 7.0461853006854644 11.830772240646182
leaf_count=2781 192 349 79 3859 68 318 13 142 482 194 496 12 135 150
internal_value=-8.86373e-11 0.0038184 0.000566927 -0.00327104 -0.0207009 0.0111661 -0.00650941 -0.0227093 0.0113305 0.0174463 -0.00679688 0.0230962 0.0171503 0.0218899
internal_weight=286.091 242.226 207.04 152.508 43.8646 54.5319 13.7704 8.89847 29.2328 24.4891 123.275 2.1527 40.7615 33.7153
internal_count=9270 6421 6072 5223 2849 849 246 167 868 676 4355 25 603 468
is_linear=0
shrinkage=0.05


Tree=20
num_leaves=15
num_cat=0
split_feature=5 4 6 3 2 9 9 3 4 3 1 0 7 4
split_gain=8.16931 5.15344 3.39893 2.78906 2.68778 2.33655 2.06995 2.02095 1.76235 1.64668 1.63166 2.64423 1.45344 3.02858
threshold=0.011663258451643543 0.063794651734372945 0.025614282555239589 0.056338248894417194 -0.047904994370875968 0.16864723330564071 -0.10795031108305629 0.17060225697883682 0.22243687806385651 -0.097396888616253272 0.023782261679844655 0.014630226641924373 0.12309636453756313 -0.11283922728455024
decision_type=2 2 2 2 2 2 2 2 2 2 2 2 2 2
left_child=3 2 4 -1 6 10 -2 8 -7 -8 11 -3 -4 -14
right_child=1 5 12 -5 -6 7 9 -9 -10 -11 -12 -13 13 -15
leaf_value=-0.02184279550365098 -0.0050513273326377086 0.021497822719087192 0.020006025775981928 0.0073198484444057165 -0.0096468604222496937 0.00051953323900701782 -0.013590331699615149 -0.029960070756609281 0.032657258001401568 0.029090036300553353 0.034604476564600382 -0.011671037051955048 0.024698922091359918 -0.01634867564971584
leaf_weight=46.671502684708685 14.268025790806862 26.191851865500212 21.459019261412323 9.3879839270375651 86.774833146482706 18.075873019173748 2.1564315329305819 3.0867582131177178 4.5970705412328234 11.02295140409842 15.284626768901942 7.0154595822095862 6.6033808849751976 9.9880624548532051
leaf_count=3040 460 311 285 253 3631 292 89 38 36 286 143 97 82 227
internal_value=-1.47797e-10 0.00424236 -0.00104098 -0.0169164 -0.00535508 0.0149471 0.00807551 0.00262544 0.00813991 0.0216407 0.0213073 0.0143542 0.0117149 0.00046358
internal_weight=282.584 226.524 152.273 56.0595 114.222 74.2516 27.4474 25.7597 22.6729 13.1794 48.4919 33.2073 38.0505 16.5914
internal_count=9270 5977 5060 3293 4466 917 835 366 328 375 551 408 594 309
is_linear=0
shrinkage=0.05


Tree=21
num_leaves=15
num_cat=0
split_feature=5 4 6 2 3 9 2 6 6 5 6 9 3 3
split_gain=7.70322 4.95377 3.28461 2.38531 2.23589 2.03777 2.17242 1.98321 3.06495 2.00587 2.55321 1.94139 1.64927 1.6172
threshold=0.011663258451643543 0.063794651734372945 0.025614282555239589 -0.047332535639015398 0.056338248894417194 0.21689871593731838 0.06907415663948159 0.033840345038530291 0.037090819448020972 0.019066004270153411 0.029102977136750825 -0.10795031108305629 0.17060225697883682 -0.097396888616253272
decision_type=2 2 2 2 2 2 2 2 2 2 2 2 2 2
left_child=4 2 3 11 -1 6 7 9 -9 10 -3 -2 -7 -13
right_child=1 5 -4 -5 -6 12 -8 8 -10 -11 -12 13 -14 -15
leaf_value=-0.021114922305361612 -0.0058680057454614295 0.011398784171456986 0.011486446232845702 -0.0094690808731253961 0.0051191049383306417 0.006253136124275172 0.044470111021223939 -0.054023439076270045 0.013359671950576952 0.028559303872873677 -0.050419350717274096 -0.015698063526714025 -0.035419369577441323 0.026550099066689245
leaf_weight=45.538858746178448 13.999006300233306 16.128819500096146 37.869803019799292 85.344599172472954 9.4227550528012198 19.588652299717072 6.9769561700522891 1.595724020153283 4.0197100359946489 22.692574439570308 0.86045829486101766 2.0524168857373288 1.685384839773177 11.922122220508752
leaf_count=3040 469 251 594 3609 253 292 53 24 37 213 17 90 30 298
internal_value=-1.38908e-10 0.00411679 -0.00107746 -0.00533994 -0.0166062 0.0146655 0.0198906 0.0152259 -0.0110602 0.0191262 0.00563917 0.00714971 0.00150979 0.0197112
internal_weight=279.698 224.736 151.188 113.318 54.9616 73.5483 52.2742 45.2973 5.61543 39.6819 16.9893 27.9735 21.274 13.9745
internal_count=9270 5977 5060 4466 3293 917 595 542 61 481 268 857 322 388
is_linear=0
shrinkage=0.05


Tree=22
num_leaves=15
num_cat=0
split_feature=4 5 7 6 6 1 7 6 4 8 7 6 4 7
split_gain=7.35362 6.05962 2.71428 2.13283 3.19519 4.64501 2.3723 3.20012 2.98533 2.73601 2.23178 1.6864 1.62264 1.5543
threshold=0.14486942666840366 0.010999566093273546 0.23411600798910373 0.037090819448020972 0.027425769178128345 -0.025690162958627468 0.097465840674084273 0.017817768502999289 -0.034565724572210292 0.026482186238085407 0.066272481937293917 0.018452186990712421 -0.10201851370653979 0.036010819136743651
decision_type=2 2 2 2 2 2 2 2 2 2 2 2 2 2
left_child=1 -1 3 4 6 -6 7 -3 -8 -9 11 -11 -4 -2
right_child=13 2 12 -5 5 -7 8 9 -10 10 -12 -13 -14 -15
leaf_value=-0.019717283716654231 0.035221522344937327 -0.0085880265798476633 0.04731773716371377 -0.047226060169111184 -0.021904317668309584 0.025758978762008573 -0.0051726179331267217 0.01804135624727676 -0.034991928595805515 0.018555068788729544 0.0087186784135564552 -0.029473258369174554 -0.021025531077884282 0.01255665291532595
leaf_weight=43.823900486342609 12.035537966527043 39.336649281904101 3.5809906469658017 1.3920831792056549 5.7221726081334081 22.260972967371345 55.386955318041146 36.399069616105407 9.0089140166528505 1.5550658209249402 14.932520689442752 8.1898315502330643 0.46662434004247089 22.724391270428896
leaf_count=2877 123 1963 24 36 114 277 2104 691 281 32 325 177 9 237
internal_value=2.85293e-10 -0.00311464 0.00063632 -0.000303049 0.000277712 0.015593 -0.00240105 0.00240386 -0.0098156 0.00950755 -0.00329217 -0.0207954 0.0368343 0.0211698
internal_weight=276.816 242.056 198.232 194.184 192.792 27.9831 164.809 100.413 64.3959 61.0765 24.6774 9.7449 4.04761 34.7599
internal_count=9270 8910 6033 6000 5964 391 5573 3188 2385 1225 534 209 33 360
is_linear=0
shrinkage=0.05


Tree=23
num_leaves=15
num_cat=0
split_feature=4 5 4 4 7 1 2 6 6 0 1 8 6 3
split_gain=6.6137 4.98821 2.97769 2.24116 2.41999 2.18088 2.10015 1.80662 1.79027 1.78822 1.67201 1.86991 1.63905 1.58334
threshold=0.043849757710266675 0.015090917995118362 -0.15594719991433667 0.16706649897786965 0.048692564160561287 0.04637628165874242 0.04068559509360737 0.030782352420441 0.033840345038530291 -0.0033099962011414736 -0.016805556216228697 0.1068074607328502 0.020669014288625314 0.025219661386453821
decision_type=2 2 2 2 2 2 2 2 2 2 2 2 2 2
left_child=1 -1 -3 4 12 8 -4 -7 -6 -8 -5 -12 -2 -11
right_child=3 2 6 10 5 7 9 -9 -10 13 11 -13 -14 -15
leaf_value=-0.017355942482875246 -0.012300966926274175 0.029780485486675765 -0.0048599640344589683 -0.010068667835954623 0.018295437274989421 -0.033425662270079995 -0.021004154137742391 0.017531278637665373 -0.025560082338593266 -0.0014821706170694373 0.037814620849924131 0.009111071377645566 0.016624496508697129 0.03351407908451718
leaf_weight=60.852821023203433 22.049772711470727 6.9873249260708681 89.04151723627001 3.0812839567661312 40.266038123052567 3.5856292601674786 2.1566459145396957 2.0096606686711311 1.613620034418999 4.809664428699759 13.857378838583829 10.495940269902347 5.2931820452213278 8.3673614161089045
leaf_count=4166 751 102 2810 41 630 83 58 23 29 152 102 109 68 146
internal_value=9.75449e-11 -0.00597073 0.000349697 0.0100164 0.00539118 0.012123 -0.00188444 -0.0152403 0.016049 0.0146339 0.0219969 0.0262911 -0.00631245 0.0215368
internal_weight=274.468 172.215 111.363 102.253 74.8179 47.4749 104.375 5.59529 41.8797 15.3337 27.4346 24.3533 27.343 13.177
internal_count=9270 7434 3268 1836 1584 765 3166 106 659 356 252 211 819 298
is_linear=0
shrinkage=0.05


Tree=24
num_leaves=15
num_cat=0
split_feature=4 7 2 7 8 9 2 5 5 6 6 4 9 5
split_gain=6.23071 5.24121 2.70111 3.43282 1.81665 1.78446 2.23098 1.75051 2.37133 2.13403 3.19929 1.69891 1.56945 1.65954
threshold=0.063794651734372945 0.069457363727385105 0.04068559509360737 0.21598335597797544 0.41918664732613414 0.21689871593731838 0.057296835900012895 0.037531677906596526 0.019066004270153411 0.033840345038530291 0.039302166952345556 -0.10801419642008729 0.27866311882083844 0.02208106354372321
decision_type=2 2 2 2 2 2 2 2 2 2 2 2 2 2
left_child=1 -1 3 12 -4 6 7 8 -2 -10 -11 -5 13 -3
right_child=5 2 4 11 -6 -7 -8 -9 9 10 -12 -13 -14 -15
leaf_value=-0.019344155849585612 0.0013707020675972842 -0.0072919690550447662 0.025716566206660907 0.043375582239076359 -0.0060197514165334781 0.00036786818070525993 0.036305544198562953 -0.024109518534321805 0.030453348326115844 -0.060018118421351886 0.023030849740119763 -0.024896969015686121 -0.020868613158032446 0.0056471674441452976
leaf_weight=46.521813277155161 21.06578381638974 68.943637340329587 14.027526310179384 4.4787997761741281 5.9755529938265672 25.076746572740376 10.482301020994781 2.4077047035098067 19.328206393867735 0.93286421522498075 2.0033409651368856 0.41897464310750265 12.493315753992645 37.483666367828846
leaf_count=2782 469 3305 361 43 137 477 100 30 186 17 17 13 483 850
internal_value=8.14196e-11 -0.00494805 -0.000189935 -0.00298011 0.0164007 0.0115044 0.0163785 0.0111326 0.0135905 0.0245966 -0.0118991 0.0343041 -0.00478892 -0.00272466
internal_weight=271.64 190.343 143.821 123.818 20.0031 81.2969 56.2202 45.7379 43.3302 22.2644 2.93621 4.89777 118.921 106.427
internal_count=9270 7974 5192 4694 498 1296 819 719 689 220 34 56 4638 4155
is_linear=0
shrinkage=0.05


Tree=25
num_leaves=15
num_cat=0
split_feature=4 5 7 4 9 5 7 7 9 3 2 1 4 2
split_gain=5.66526 4.89422 2.0662 1.70302 1.53153 1.4802 2.23509 1.96359 1.42916 2.12376 1.72483 1.56007 1.38136 1.19701
threshold=0.14486942666840366 0.010999566093273546 0.23411600798910373 0.0028303915515282001 -0.31656461015775622 0.02208106354372321 0.12940104046702969 0.08194470374637354 0.21261674774859121 0.17060225697883682 -0.0085232210665027713 0.054163132279685063 -0.10201851370653979 0.073981412264700244
decision_type=2 2 2 2 2 2 2 2 2 2 2 2 2 2
left_child=1 -1 3 5 -5 -3 7 -7 10 11 -2 -10 -4 -6
right_child=8 2 12 4 13 6 -8 -9 9 -11 -12 -13 -14 -15
leaf_value=-0.017897422727117286 -0.0026245874913712369 -0.0089798846985537761 0.042627777860963584 0.022142697723572524 0.00012107109448963935 -0.017829081948445669 -0.012110220032628715 0.016563293035282606 -0.0067924654110169446 -0.040105303834693976 0.032434598933180847 0.031139059497324945 -0.020301448677747309 0.020035239996743975
leaf_weight=42.434555661864579 4.122399557381871 64.997947970405221 3.4582479763776068 10.550898020155726 63.99774436512962 4.1212442964315441 15.179571430198846 24.002643023617566 4.7291899202391487 1.3090114556252945 18.109127129428089 4.5461271442472935 0.45356608368456264 7.5565122608095399
leaf_count=2877 51 3165 24 225 1517 93 429 461 74 24 158 53 9 110
internal_value=3.64207e-10 -0.00272356 0.000664719 -0.000160412 0.00523516 -0.00426136 0.0028639 0.0110843 0.0191489 0.003555 0.0261004 0.0130201 0.0326836 0.00247127
internal_weight=269.569 236.753 194.318 190.407 82.1052 108.301 43.3035 28.1239 32.8159 10.5843 22.2315 9.27532 3.91181 71.5543
internal_count=9270 8910 6033 6000 1852 4148 983 554 360 151 209 127 33 1627
is_linear=0
shrinkage=0.05


Tree=26
num_leaves=15
num_cat=0
split_feature=4 5 4 7 1 8 2 4 2 0 3 1 9 3
split_gain=5.2752 3.92561 1.87528 1.8107 2.51389 2.29027 2.07951 1.77972 1.9845 1.95563 1.68304 1.53173 1.65227 2.22813
threshold=0.043849757710266675 0.015090917995118362 0.16706649897786965 0.083797876578534672 -0.018630179658710718 0.34725465674149408 -0.03867004999026296 -0.15594719991433667 0.06398466160151596 -0.0011257875806487958 0.050650559077776165 -0.016805556216228697 0.20279599209236224 0.17060225697883682
decision_type=2 2 2 2 2 2 2 2 2 2 2 2 2 2
left_child=1 -1 3 6 -5 -6 10 -3 -9 -10 -2 -4 -13 -14
right_child=2 7 11 4 5 -7 -8 8 9 -11 -12 12 13 -15
leaf_value=-0.015638319266616997 0.041221285260332571 0.023451924828796399 -0.010739882055940682 -0.023452251892555866 0.037391403449107512 -0.019491145749568575 -0.0018193660845241622 -0.0035611887984585248 -0.030834116131292541 0.029478404467479315 -0.02645398936201241 0.033690010838680805 0.017741947332520713 -0.039297413600937282
leaf_weight=59.099568774923682 3.8815170228481284 6.7028493955731383 2.9097702549770501 1.9601169740781195 10.227500286884601 1.4570079073309905 55.307986658997834 94.620268783066422 0.76268445700407017 7.2654035091400129 0.4112892523407935 15.330518972128631 6.1637732312083235 1.2596129253506658
leaf_count=4166 46 102 41 51 91 26 1362 3031 18 117 8 122 66 23
internal_value=-3.24364e-10 -0.00537284 0.0091126 0.00490191 0.0206561 0.029321 0.0010139 0.000266648 -0.00145899 0.0209679 0.0309643 0.0204956 0.0247739 0.00454714
internal_weight=267.36 168.451 98.9091 73.2454 13.6446 11.6845 59.6008 109.351 102.648 8.02809 4.29281 25.6637 22.7539 7.42339
internal_count=9270 7434 1836 1584 168 117 1416 3268 3166 135 54 252 211 89
is_linear=0
shrinkage=0.05


Tree=27
num_leaves=15
num_cat=0
split_feature=4 7 2 7 8 4 7 8 5 5 5 6 6 3
split_gain=4.7354 4.49169 2.25872 2.37361 1.59646 1.59106 1.88954 1.92138 2.63199 2.0745 1.78891 2.4575 1.98391 1.53906
threshold=0.063794651734372945 0.069457363727385105 0.04068559509360737 0.21598335597797544 0.41918664732613414 0.24699773336960154 0.025622788400389344 0.37552273859979252 0.02208106354372321 0.020862227339922493 0.034822836431848934 0.027762022690278471 0.035481725254819206 -0.097396888616253272
decision_type=2 2 2 2 2 2 2 2 2 2 2 2 2 2
left_child=1 -1 3 13 -4 6 -2 9 -9 -8 11 -7 -13 -3
right_child=5 2 4 -5 -6 10 7 8 -10 -11 -12 12 -14 -15
leaf_value=-0.017914264270216997 -0.021858430546976206 -0.023665577497228855 0.023803346239784362 0.0293712855778211 -0.0059325346005022483 0.050311734278500914 0.003489556777738316 0.0092408262932385347 -0.043204844144630855 0.023072050193293461 -0.0092407444486401601 -0.036391793268723792 0.028388228085885953 -0.0023340030840793067
leaf_weight=44.960589854978025 4.3179131466895333 8.2026383364573103 14.195925396401437 4.5806020349264136 5.9358782339841119 6.599619656801222 29.161091341637075 5.3749312506988627 2.951532419770956 24.926504964008927 2.3734055738896123 1.2894530929625037 1.4538500085473058 108.78135339030996
leaf_count=2782 150 358 361 56 137 47 599 120 67 252 29 19 13 4280
internal_value=2.53285e-11 -0.00433179 7.33041e-05 -0.00253015 0.0151699 0.0102317 0.00701839 0.00932933 -0.0119891 0.0127692 0.0265423 0.0356469 -0.00364834 -0.00401763
internal_weight=265.105 186.657 141.696 121.565 20.1318 78.4483 66.732 62.4141 8.32646 54.0876 11.7163 9.34292 2.7433 116.984
internal_count=9270 7974 5192 4694 498 1296 1188 1038 187 851 108 79 32 4638
is_linear=0
shrinkage=0.05


Tree=28
num_leaves=15
num_cat=0
split_feature=4 5 4 7 9 2 7 2 8 1 2 9 7 4
split_gain=4.51386 3.31682 1.60386 2.178 2.17827 2.261 2.1419 2.2486 1.78817 1.5722 1.64721 3.94274 1.60271 1.92949
threshold=0.043849757710266675 0.015090917995118362 0.24699773336960154 0.083314559113557132 0.8146320659946279 -0.0068726358941044166 0.07760537268537189 -0.017042243201739801 -0.23019106743754322 0.052366696568980416 -0.054996789601403022 -0.12482279169842457 0.097465840674084273 -0.11098395808244425
decision_type=2 2 2 2 2 2 2 2 2 2 2 2 2 2
left_child=1 -1 3 6 5 8 7 -2 -5 10 11 12 -3 -14
right_child=2 9 -4 4 -6 -7 -8 -9 -10 -11 -12 -13 13 -15
leaf_value=-0.014508275572591271 0.024194942342480444 0.012894660961394506 0.025475708114915719 0.018711389274610312 -0.037019334657507667 0.039100307519811174 -0.035775669563397325 -0.00027812960892484615 -0.029856651029986633 0.019817351239817475 -0.005099308735933109 0.027685765340981151 0.0096922576373868474 -0.040838081611076313
leaf_weight=57.991819489281625 10.322970500681548 3.5566467447206396 11.374946944415568 4.2379994606599212 0.63462728448212047 10.23562968429178 2.5864474382251492 54.736183439381421 1.9711299063637895 8.3553864452987892 77.633593647740781 12.67500552209094 2.3441181732341647 4.6770437830127776
leaf_count=4166 170 80 108 56 17 97 57 1295 36 141 2564 258 64 161
internal_value=2.03186e-10 -0.00495451 0.0085841 0.00604556 0.0214668 0.0257165 0.00189596 0.0039125 0.00129034 0.000202772 -0.00160026 0.00981049 -0.0121501 -0.0248627
internal_weight=263.334 167.234 96.0999 84.725 17.0794 16.4448 67.6456 65.0592 6.20913 109.242 100.886 23.2528 10.5778 7.02116
internal_count=9270 7434 1836 1728 206 189 1522 1465 92 3268 3127 563 305 225
is_linear=0
shrinkage=0.05


Tree=29
num_leaves=15
num_cat=0
split_feature=4 7 5 2 8 3 1 7 6 0 3 1 8 3
split_gain=4.06588 3.10415 2.03699 1.56658 1.54891 2.13749 2.5132 1.63726 1.75813 1.58146 2.09293 1.91435 1.41462 1.35658
threshold=0.043849757710266675 0.069457363727385105 0.021656161071158458 0.045868694967116326 0.085333687371907399 0.11204182192468339 -0.0082502537879203235 0.048692564160561287 0.020669014288625314 0.0051931437052361593 0.046138903600281285 -0.060135989332393107 -0.37552506847010114 -0.050614262215332599
decision_type=2 2 2 2 2 2 2 2 2 2 2 2 2 2
left_child=1 -1 3 -3 5 7 -7 8 -2 10 11 -9 -11 -4
right_child=4 2 13 -5 -6 6 -8 9 -10 12 -12 -13 -14 -15
leaf_value=-0.018043291500655003 -0.014132581256816368 -0.008757943964643829 0.014290316051201747 0.014189032470181993 0.00026894745274227928 -0.020426804864351035 0.040867420168534174 -0.023196639797220451 0.022215045548962749 -0.038838682709666304 -0.011206431199325222 0.034990281874736288 0.0067926642630775289 -0.0012693151875800505
leaf_weight=33.646299725398421 11.828059569001196 70.023909735959023 25.49415173754096 7.4039909746497861 37.696602555457503 1.3547839522361762 9.62342504970729 0.87195316795259614 3.523622731678187 0.96558221988379855 3.1126004364341489 14.808261884842073 11.507462582550941 29.408834497444332
leaf_count=2376 420 3614 536 261 790 18 85 22 39 20 56 193 193 647
internal_value=7.08441e-11 -0.00471861 -0.00122078 -0.00641072 0.00818238 0.0132688 0.0322295 0.00822055 -0.00494146 0.014636 0.0234239 0.0305579 0.000639675 0.00608217
internal_weight=261.27 165.977 132.331 77.4279 95.2924 57.5958 10.9782 46.6175 15.3517 31.2659 18.7928 15.6802 12.473 54.903
internal_count=9270 7434 5058 3875 1836 1046 103 943 459 484 271 215 213 1183
is_linear=0
shrinkage=0.05


Tree=30
num_leaves=15
num_cat=0
split_feature=4 7 2 7 8 7 3 5 4 3 3 7 5 3
split_gain=3.6152 3.50975 1.64554 2.11493 1.65721 1.37693 1.80232 1.49716 1.60532 1.3725 1.28015 1.2265 1.45357 1.22002
threshold=0.063794651734372945 0.069457363727385105 0.04068559509360737 0.23411600798910373 0.41918664732613414 0.070172267518790313 0.0011631175202557744 0.02208106354372321 0.020429417082186489 -0.089505367978848102 -0.050614262215332599 0.12940104046702969 0.035506235527237563 -0.040179380109105371
decision_type=2 2 2 2 2 2 2 2 2 2 2 2 2 2
left_child=1 -1 3 5 -4 -3 7 8 -7 -9 11 12 -11 -12
right_child=-2 2 4 -5 -6 6 -8 9 -10 10 13 -13 -14 -15
leaf_value=-0.016131754647314572 0.0090740247974754745 0.02764380922614141 0.021599979748568643 0.032666021681983855 -0.0084681711514869289 -0.0086295001443469129 -0.01731420301555768 -0.014002308603257041 0.019311226895189292 0.034088645048722707 -0.025335875844882783 0.00058787240883995454 -0.02085979177585362 0.0077998879985948736
leaf_weight=42.985904078930616 76.307168933097273 2.4790204213932148 14.385645356029274 3.2073364090174428 5.8877102732658377 54.280526977963746 20.719155635219067 5.6525387959554783 4.7249844660982481 10.141609678976238 2.7617257311940184 5.5733539480715981 0.6840973552316435 9.6317540490999836
leaf_count=2782 1296 87 361 35 137 2936 754 170 102 150 76 155 15 214
internal_value=2.33717e-11 -0.00381004 5.72712e-05 -0.00220031 0.0128801 -0.00342849 -0.00433735 -0.00130736 -0.00610755 0.00685584 0.0112832 0.0200319 0.029146 -0.00092434
internal_weight=259.423 183.115 140.129 119.856 20.2734 116.649 114.17 93.4506 59.0055 34.4451 28.7925 16.3991 10.8257 12.3935
internal_count=9270 7974 5192 4694 498 4659 4572 3818 3038 780 610 320 165 290
is_linear=0
shrinkage=0.05


Tree=31
num_leaves=15
num_cat=0
split_feature=6 4 3 7 6 6 7 5 8 2 3 7 6 2
split_gain=3.34336 2.30881 1.71027 1.52064 4.00948 1.2995 1.78459 1.29495 1.61075 1.82851 2.08013 1.26688 1.5357 1.20109
threshold=0.013829987631713088 0.16706649897786965 0.061229683491659144 0.051553360886846707 0.030782352420441 0.028110065585420618 0.048692564160561287 0.020674522415802424 0.34725465674149408 0.012361480717693831 0.043054790840222464 0.17451816866950817 0.027166307926354629 -0.054996789601403022
decision_type=2 2 2 2 2 2 2 2 2 2 2 2 2 2
left_child=2 7 -1 5 -5 -3 -7 -2 9 10 13 12 -11 -9
right_child=1 3 -4 4 -6 6 -8 8 -10 11 -12 -13 -14 -15
leaf_value=-0.016409103332472953 -0.0031065838802223442 0.032317281423429205 0.019330807355870509 -0.043621706894698777 0.020703424852184054 -0.046481076918434241 0.022239248160914521 0.016517174344732342 -0.01015905513481893 0.012691239457649434 -0.030797602184369888 -0.016943022764883502 0.043281066410765845 0.00029208462933356835
leaf_weight=35.839883914217353 106.76760956086218 12.246245669201018 2.8473974429070941 2.5068027079105359 6.8367449827492237 0.61924351379275222 1.3268719501793382 16.000663181766868 13.81647101882845 13.682698445394641 3.2483878703787914 1.4292508345097292 5.8392733316868535 34.773705692961812
leaf_count=2781 4327 116 68 39 72 12 12 305 308 260 60 21 63 826
internal_value=1.32082e-11 0.00240868 -0.0133578 0.0168668 0.000896669 0.0266296 -0.00798214 0.000591658 0.00502374 0.00791857 0.00291537 0.0200988 0.0235042 0.00562541
internal_weight=257.781 219.094 38.6873 23.5359 9.34355 14.1924 1.94612 195.558 88.7905 74.974 54.0228 20.9512 19.522 50.7744
internal_count=9270 6421 2849 251 111 140 24 6170 1843 1535 1191 344 323 1131
is_linear=0
shrinkage=0.05


Tree=32
num_leaves=15
num_cat=0
split_feature=5 7 7 4 8 1 3 0 3 6 4 6 8 5
split_gain=3.12017 2.33438 2.84427 2.48041 2.82984 1.94303 1.91889 1.56658 1.74602 1.45102 1.40943 1.31439 1.28242 1.73751
threshold=0.010768767688001203 0.036010819136743651 0.046842032870664581 0.021523654573767041 0.68009578053867403 -0.060135989332393107 0.085957630082607719 0.013320419290252407 0.054638902103604566 0.021269799069128587 -0.15594719991433667 0.023693015110289203 -0.23696439301107955 0.019177474421496959
decision_type=2 2 2 2 2 2 2 2 2 2 2 2 2 2
left_child=-1 6 -3 10 5 -5 9 12 -9 -2 -4 -8 -7 -14
right_child=1 2 3 4 -6 7 11 8 -10 -11 -12 -13 13 -15
leaf_value=-0.012833351088284164 -0.0061052724667142776 -0.020667604103232744 0.017953802299101929 -0.026045563849243787 -0.027453396752219084 0.035148180298644881 0.043971989728388131 -0.011959004554694508 0.015348979377824071 0.03696485292323512 -0.0033385587215974087 -0.011003042155883857 -0.0015684300331370298 0.023119915835735597
leaf_weight=39.023404811043292 7.8808327182196098 13.333736052736638 7.3537961151450864 2.2174883205443612 3.7910601673647752 10.151516920886932 6.5643593855202189 9.4995333035476524 12.306264833547173 1.5190213937312362 112.24614120647311 0.86057572066783894 11.045767258852722 18.486557476222515
leaf_count=2775 267 432 155 50 95 149 67 210 152 18 4407 10 250 233
internal_value=5.24093e-11 0.00235335 0.000807177 0.00243934 0.0100285 0.0126487 0.0196941 0.0144386 0.00344972 0.00373999 -0.00189135 0.0370505 0.0202437 0.014137
internal_weight=256.28 217.257 200.432 187.098 67.4982 63.7071 16.8248 61.4896 21.8058 9.39985 119.6 7.42494 39.6838 29.5323
internal_count=9270 6495 6133 5701 1139 1044 362 994 362 285 4562 77 632 483
is_linear=0
shrinkage=0.05


Tree=33
num_leaves=15
num_cat=0
split_feature=4 5 7 3 6 6 1 7 4 2 5 2 7 3
split_gain=2.89624 2.67621 1.09928 1.70387 1.64669 1.65997 3.25678 1.79732 3.01839 1.63658 1.22521 1.11734 1.10996 1.93137
threshold=0.14486942666840366 0.010999566093273546 0.23411600798910373 -0.095774229776504446 0.037090819448020972 0.027425769178128345 -0.025690162958627468 0.097465840674084273 -0.034565724572210292 -0.045466707538585054 0.023522768999179943 -0.065066017275462615 0.069457363727385105 0.0091511294356595458
decision_type=2 2 2 2 2 2 2 2 2 2 2 2 2 2
left_child=1 -1 4 -4 5 7 -7 9 -9 10 -3 -12 13 -11
right_child=-2 2 3 -5 -6 6 -8 8 -10 12 11 -13 -14 -15
leaf_value=-0.013614899345876275 0.014588455102082291 0.0054942068468852388 0.041313032830271601 -0.020450758830793902 -0.042815441442570601 -0.021067168162833796 0.020698081342705631 -0.0034713173182464316 -0.034865284664890216 -0.019011126811791998 -0.012222285333662299 0.043172500692816015 0.006489893342197065 0.0023717614873571703
leaf_weight=39.310484985820949 29.042767141014338 8.8862289357930404 2.6808407232165341 0.89048625901341338 1.2203371254727233 5.0747779645025757 20.723916185088456 53.232070897240192 8.0032167774625105 15.265052814967929 0.63875846564769734 4.4626221898943177 35.868126337882131 29.576865519396961
leaf_count=2877 360 303 23 10 36 114 277 2104 281 831 13 50 1227 764
internal_value=-1.21626e-10 -0.00193215 0.000589503 0.0248079 -1.55432e-05 0.000504595 0.012003 -0.00146215 -0.00806868 0.00284957 0.0180231 0.03537 3.15048e-05 -0.00516331
internal_weight=254.877 225.834 186.523 3.57133 182.952 181.732 25.7987 155.933 61.2353 94.6977 13.9876 5.10138 80.71 44.8419
internal_count=9270 8910 6033 33 6000 5964 391 5573 2385 3188 366 63 2822 1595
is_linear=0
shrinkage=0.05


Tree=34
num_leaves=15
num_cat=0
split_feature=5 4 9 2 3 6 4 7 4 6 4 7 2 5
split_gain=2.62817 1.9236 1.4545 2.04256 1.55335 1.68621 1.09504 2.02897 2.49811 2.38828 2.62104 2.32265 1.87131 1.3654
threshold=0.010768767688001203 0.16706649897786965 0.21261674774859121 -0.019082322983991536 0.12846120861544688 0.020933847926870981 -0.15594719991433667 0.14570192579227773 -0.10664025017868155 0.025614282555239589 -0.09003795283924558 0.11909083924733706 -0.047332535639015398 0.022735546749179925
decision_type=2 2 2 2 2 2 2 2 2 2 2 2 2 2
left_child=-1 6 3 -3 -4 -6 -2 9 -9 12 -11 -12 13 -8
right_child=1 2 4 -5 5 -7 7 8 -10 10 11 -13 -14 -15
leaf_value=-0.011889419014938285 0.018153873195646417 -0.014827303170291434 0.01496072611539848 0.030691271095745726 0.019981817183221982 -0.049258508653482774 0.0001680504326449108 0.00054666955333872115 -0.037989830531312947 -0.039910304507381214 0.0056823634800218202 0.032317849039333713 -0.0044653121427037732 0.024079086755813019
leaf_weight=38.325026913080364 7.4446041500195852 2.343110945075753 3.5581061318516722 13.458293933421372 0.64550166577100787 1.7090698797255752 13.338596405927094 9.3196984059177321 6.6218437403440467 1.3204996865242709 23.026647572405636 12.191594595089553 110.31227756477892 9.8290103645995242
leaf_count=2775 155 32 40 121 7 34 536 322 241 35 355 172 4285 160
internal_value=-3.10438e-11 0.0021634 0.0159285 0.0234608 -0.004683 -0.0299784 0.000543966 -0.000254346 -0.0167583 0.00138206 0.0125268 0.0155406 -0.00173916 0.0108891
internal_weight=253.444 215.119 21.7141 15.8014 5.91268 2.35457 193.405 185.96 15.9415 170.019 36.5387 35.2182 133.48 23.1676
internal_count=9270 6495 234 153 81 41 6261 6106 563 5543 562 527 4981 696
is_linear=0
shrinkage=0.05


Tree=35
num_leaves=15
num_cat=0
split_feature=4 7 9 7 2 3 6 7 3 3 3 2 6 6
split_gain=2.59314 2.19662 1.45254 1.38899 1.44082 1.39089 1.18351 1.24699 2.33622 1.35734 1.1272 1.10991 1.63013 2.31732
threshold=0.043849757710266675 0.069457363727385105 0.14814634190203205 0.23411600798910373 0.04068559509360737 -0.059895316623110699 0.033840345038530291 0.036010819136743651 0.11998841507743919 0.050650559077776165 0.0266554237431933 0.057296835900012895 0.033840345038530291 0.037090819448020972
decision_type=2 2 2 2 2 2 2 2 2 2 2 2 2 2
left_child=1 -1 11 4 -3 -5 7 9 -9 -4 -6 12 -2 -14
right_child=2 3 6 5 10 -7 -8 8 -10 -11 -12 -13 13 -15
leaf_value=-0.015413470841092717 0.011522567193593354 -0.0039699197004280911 -0.019134295866253783 0.03714331592848049 -0.0027186754525295401 -0.026341627617289733 0.023997566218014962 -0.0033114101173313416 -0.045033750614685154 0.019824571410384764 0.022249191495513354 0.029951731891549684 -0.058253918587150025 0.0065969239321518915
leaf_weight=31.580808571074158 46.398325806483626 108.88467102032155 2.1827616570517439 3.1316075962968175 7.7639957540668574 0.3292055418714871 3.052216123789548 18.194910974241797 3.1682843361049882 7.2076167110353708 9.2045068810693902 6.3145364476367822 1.1466674283146847 3.3643192369490862
leaf_count=2376 960 4563 112 32 273 6 36 403 62 123 184 77 22 41
internal_value=-1.15465e-12 -0.00380959 0.00670168 -0.000879181 -0.00183691 0.026553 -0.00150032 -0.00470697 -0.0112361 0.00979874 0.0113095 0.0114897 0.00866684 -0.0174671
internal_weight=251.924 160.895 91.0296 129.314 125.853 3.46081 33.8058 30.7536 21.3632 9.39038 16.9685 57.2238 50.9093 4.51099
internal_count=9270 7434 1836 5058 5020 38 736 700 465 235 457 1100 1023 63
is_linear=0
shrinkage=0.05


Tree=36
num_leaves=15
num_cat=0
split_feature=4 5 4 2 0 9 3 1 0 3 9 1 7 2
split_gain=2.36437 1.95865 1.49494 1.51773 1.61107 1.30761 1.27531 2.04236 1.26461 1.39659 1.28709 1.64691 1.27773 1.1598
threshold=0.043849757710266675 0.015090917995118362 -0.15594719991433667 0.06398466160151596 -0.0011257875806487958 0.14814634190203205 0.09288746287406148 -0.027401119360345168 0.0051931437052361593 0.044152131180230876 -0.054401708173630374 -0.060135989332393107 0.048692564160561287 -0.0085232210665027713
decision_type=2 2 2 2 2 2 2 2 2 2 2 2 2 2
left_child=1 -1 -3 -4 -5 6 8 -8 9 10 11 -2 -13 -9
right_child=5 2 3 4 -6 -7 7 13 -10 -11 -12 12 -14 -15
leaf_value=-0.011183262612103487 -0.023830317949853477 0.021786474635829181 -0.00314242364497266 -0.029085360636958754 0.026331138627327746 -0.0014352792492067759 -0.025923159111313366 -0.018271721742403917 -0.003367193284302572 -0.0072185442216166603 -0.0017878927572554889 0.0019986475972756882 0.037621018446276328 0.034804017114335069
leaf_weight=55.119600779842585 0.81422321591526525 6.5771897677332154 90.84271926432848 0.71018129773437966 7.1122630806639782 33.288123932667077 1.037266410887242 0.52029773220419784 18.109784483443946 5.8340788744390002 5.3071084204129901 3.3010570188052943 11.452196453697978 10.728428999893364
leaf_count=4166 22 102 3031 18 117 736 18 5 417 129 130 112 149 118
internal_value=-1.39444e-10 -0.00363943 0.000379655 -0.00125164 0.0185735 0.00642574 0.010954 0.024658 0.00674122 0.0134694 0.019317 0.0261855 0.0302833 0.0310578
internal_weight=250.755 160.362 105.242 98.6652 7.82244 90.3926 57.1044 12.286 44.8184 26.7087 20.8746 15.5675 14.7533 11.2487
internal_count=9270 7434 3268 3166 135 1836 1100 141 959 542 413 283 261 123
is_linear=0
shrinkage=0.05


Tree=37
num_leaves=15
num_cat=0
split_feature=5 7 7 7 0 7 7 4 6 7 4 3 8 8
split_gain=2.1639 1.80241 2.4001 2.18624 1.58495 1.43129 1.47178 2.60159 2.2224 2.62426 2.49518 1.37306 1.24116 1.22658
threshold=0.010768767688001203 0.036010819136743651 0.046842032870664581 0.05104737063257115 -0.0065506027065937436 0.23411600798910373 0.14570192579227773 -0.10664025017868155 0.030782352420441 0.083314559113557132 0.17941002759768557 0.096754432333361576 0.68009578053867403 1.1035073222383132
decision_type=2 2 2 2 2 2 2 2 2 2 2 2 2 2
left_child=-1 4 -3 -4 -2 6 8 -8 10 11 13 -10 -11 -5
right_child=1 2 3 5 -6 -7 7 -9 9 12 -12 -13 -14 -15
leaf_value=-0.010912816098312555 -0.006238576441941068 -0.019783443117977646 0.024716291138624568 0.0013139934996128407 0.027023018710858573 0.026429579042765428 0.00023821280046576983 -0.037362839540267742 -0.045628633258020052 0.034298273291489899 -0.045320958193071796 0.011673912917447063 -0.013216028464321298 -0.03371773670944838
leaf_weight=37.469905586214736 4.5911051789298662 12.442500474397091 9.1022481960244459 132.68338851304725 11.330443926155564 4.2774977106600991 13.437173238024117 5.9850247860886148 1.2045286446809762 10.730670496821402 2.0157655235379925 1.3773691169917581 1.0294949337840069 1.5466539179906238
leaf_count=2775 128 432 193 4513 234 45 443 238 23 127 31 16 18 54
internal_value=2.33684e-11 0.00197324 0.000617225 0.00210114 0.0176299 0.000785786 -1.01952e-05 -0.0126108 0.00168746 0.019729 -0.000341618 -0.0203346 0.0294291 0.000663992
internal_weight=249.224 211.754 195.832 183.39 15.9215 174.288 170.01 19.4222 150.588 14.3421 136.246 2.5819 11.7602 134.23
internal_count=9270 6495 6133 5701 362 5508 5463 681 4782 184 4598 39 145 4567
is_linear=0
shrinkage=0.05


Tree=38
num_leaves=15
num_cat=0
split_feature=5 7 7 7 3 6 1 5 7 7 4 6 4 1
split_gain=2.04741 1.67403 2.16054 1.6951 1.59838 1.16953 1.1358 2.83111 1.04987 1.16546 2.09935 1.83139 2.27672 2.21825
threshold=0.010768767688001203 0.036010819136743651 0.046842032870664581 0.05104737063257115 0.085957630082607719 0.021616686032077888 0.016249005102393913 0.029699239996740293 0.23411600798910373 0.14570192579227773 -0.10968247598900731 0.030782352420441 0.17941002759768557 -0.016805556216228697
decision_type=2 2 2 2 2 2 2 2 2 2 2 2 2 2
left_child=-1 4 -3 6 5 -2 -4 -8 9 11 -11 12 -5 -13
right_child=1 2 3 8 -6 -7 7 -9 -10 10 -12 13 -14 -15
leaf_value=-0.010666893081056951 -0.0050848950897595434 -0.018875794615696582 0.034190092281620309 0.00078889463185961958 0.03422443447845535 0.036073968369293906 -0.036356809911501017 0.035715482879700021 0.022849204365267006 0.00069329034812837763 -0.033140058683670974 -0.013643093257791434 -0.043578247719844213 0.028900222569896519
leaf_weight=37.136206248309463 8.2130086664110404 12.275787804741411 5.5780835426412505 134.80504643870518 6.5132555477321139 1.1306609595194448 1.7606803518719973 1.6910714432597158 4.2622541300952426 13.012961226981135 6.046037263236939 3.4833485260605821 1.954444522038101 10.623411590233442
leaf_count=2775 270 432 136 4567 77 15 45 12 45 428 253 60 31 124
internal_value=2.0272e-11 0.00191568 0.000608895 0.00200977 0.0170346 0.0029017 0.0219992 -0.000956166 0.000853863 0.000171699 -0.0111566 0.00166685 -0.000156894 0.0181874
internal_weight=248.486 211.35 195.493 183.217 15.8569 9.34367 9.02984 3.45175 174.188 169.925 19.059 150.866 136.759 14.1068
internal_count=9270 6495 6133 5701 362 285 193 57 5508 5463 681 4782 4598 184
is_linear=0
shrinkage=0.05


Tree=39
num_leaves=15
num_cat=0
split_feature=6 3 4 8 1 7 6 9 3 5 8 2 5 0
split_gain=1.91652 1.43012 1.2325 2.04861 1.43284 1.48356 1.60896 1.58345 1.39445 1.26638 1.92382 1.25955 1.21195 1.12751
threshold=0.013829987631713088 0.061229683491659144 0.021523654573767041 0.68009578053867403 -0.060135989332393107 0.083797876578534672 0.029676518121829181 0.13553346645091327 0.08886055151039042 0.020674522415802424 -0.29446044102520519 -0.03867004999026296 0.032747714673989681 -0.0036311951851535347
decision_type=2 2 2 2 2 2 2 2 2 2 2 2 2 2
left_child=1 -1 9 4 -4 6 7 8 11 -2 -11 -6 -8 -12
right_child=2 -3 3 -5 5 -7 12 -9 -10 10 13 -13 -14 -15
leaf_value=-0.013341819749218886 -0.0066045245114983199 0.019284204548322817 -0.025748047018407549 -0.022907817841515125 0.030401693910134416 0.020995291090521291 -0.041832957564384383 -0.0028020044129456302 0.030751875075090137 -0.022221083409836709 -0.0019414209346326099 0.0036504860876894344 0.0064961201519100759 0.012834594188382757
leaf_weight=33.909584174398333 59.757750822696835 2.8374172504991284 2.1224214071407905 4.7827499173581591 4.3298861631192258 19.079034400172532 2.0698363520205016 23.608641634695232 8.1259314739145321 5.4261394729837766 21.523276905529201 27.466617130674425 1.8411666788160799 30.413485690020025
leaf_count=2781 3127 68 53 129 69 260 38 558 99 140 513 700 21 714
internal_value=2.60086e-11 -0.0103785 0.00185186 0.00610397 0.00790738 0.00901773 0.00537209 0.00740171 0.0133568 -0.00156298 0.00371223 0.00810924 -0.0223913 0.00679022
internal_weight=247.294 36.747 210.547 93.4263 88.6435 86.5211 67.4421 63.5311 39.9224 117.121 57.3629 31.7965 3.911 51.9368
internal_count=9270 2849 6421 1927 1798 1745 1485 1426 868 4494 1367 769 59 1227
is_linear=0
shrinkage=0.05


end of trees

feature_importances:
drawdown_20d=98
momentum_20d=97
volatility_5d=79
volatility_20d=78
momentum_10d=53
momentum_5d=52
momentum_3d=33
amount_change_5d=30
volume_change_5d=28
momentum_1d=12

parameters:
[boosting: gbdt]
[objective: lambdarank]
[metric: ndcg]
[tree_learner: serial]
[device_type: cpu]
[data_sample_strategy: bagging]
[data: ]
[valid: ]
[num_iterations: 40]
[learning_rate: 0.05]
[num_leaves: 15]
[num_threads: 1]
[seed: 20260720]
[deterministic: 1]
[force_col_wise: 1]
[force_row_wise: 0]
[histogram_pool_size: -1]
[max_depth: -1]
[min_data_in_leaf: 2]
[min_sum_hessian_in_leaf: 0.001]
[bagging_fraction: 1]
[pos_bagging_fraction: 1]
[neg_bagging_fraction: 1]
[bagging_freq: 0]
[bagging_seed: 843]
[bagging_by_query: 0]
[feature_fraction: 1]
[feature_fraction_bynode: 1]
[feature_fraction_seed: 57]
[extra_trees: 0]
[extra_seed: 8811]
[early_stopping_round: 0]
[early_stopping_min_delta: 0]
[first_metric_only: 0]
[max_delta_step: 0]
[lambda_l1: 0]
[lambda_l2: 1]
[linear_lambda: 0]
[min_gain_to_split: 0]
[drop_rate: 0.1]
[max_drop: 50]
[skip_drop: 0.5]
[xgboost_dart_mode: 0]
[uniform_drop: 0]
[drop_seed: 21666]
[top_rate: 0.2]
[other_rate: 0.1]
[min_data_per_group: 100]
[max_cat_threshold: 32]
[cat_l2: 10]
[cat_smooth: 10]
[max_cat_to_onehot: 4]
[top_k: 20]
[monotone_constraints: ]
[monotone_constraints_method: basic]
[monotone_penalty: 0]
[feature_contri: ]
[forcedsplits_filename: ]
[refit_decay_rate: 0.9]
[cegb_tradeoff: 1]
[cegb_penalty_split: 0]
[cegb_penalty_feature_lazy: ]
[cegb_penalty_feature_coupled: ]
[path_smooth: 0]
[interaction_constraints: ]
[verbosity: -1]
[saved_feature_importance_type: 0]
[use_quantized_grad: 0]
[num_grad_quant_bins: 4]
[quant_train_renew_leaf: 0]
[stochastic_rounding: 1]
[linear_tree: 0]
[max_bin: 255]
[max_bin_by_feature: ]
[min_data_in_bin: 3]
[bin_construct_sample_cnt: 200000]
[data_random_seed: 4432]
[is_enable_sparse: 1]
[enable_bundle: 1]
[use_missing: 1]
[zero_as_missing: 0]
[feature_pre_filter: 1]
[pre_partition: 0]
[two_round: 0]
[header: 0]
[label_column: ]
[weight_column: ]
[group_column: ]
[ignore_column: ]
[categorical_feature: ]
[forcedbins_filename: ]
[precise_float_parser: 0]
[parser_config_file: ]
[objective_seed: 7759]
[num_class: 1]
[is_unbalance: 0]
[scale_pos_weight: 1]
[sigmoid: 1]
[boost_from_average: 1]
[reg_sqrt: 0]
[alpha: 0.9]
[fair_c: 1]
[poisson_max_delta_step: 0.7]
[tweedie_variance_power: 1.5]
[lambdarank_truncation_level: 30]
[lambdarank_norm: 1]
[label_gain: 0,1,3,7,15]
[lambdarank_position_bias_regularization: 0]
[eval_at: 1,2,3,4,5]
[multi_error_top_k: 1]
[auc_mu_weights: ]
[num_machines: 1]
[local_listen_port: 12400]
[time_out: 120]
[machine_list_filename: ]
[machines: ]
[gpu_platform_id: -1]
[gpu_device_id: -1]
[gpu_use_dp: 0]
[num_gpu: 1]

end of parameters

pandas_categorical:null
