tree
version=v4
num_class=1
num_tree_per_iteration=1
label_index=0
max_feature_idx=2
objective=lambdarank
feature_names=rank_pct_5d rank_pct_20d rank_momentum_5d
feature_infos=[0:1] [0:1] [-1:0.97752808988764039]
tree_sizes=1745 1715 1718 1723 1730 1748 1729 1722 1734 1749 1734 1735 1731 1743 1746 1733 1730 1741 1736 1745 1744 1750 1751 1738 1742 1760 1740 1761 1741 1763 1738 1752 1737 1731 1753 1757 1746 1748 1733 1748

Tree=0
num_leaves=15
num_cat=0
split_feature=1 0 1 2 0 1 0 2 2 0 2 2 2 1
split_gain=22.13 2.08765 1.80632 1.37175 1.3748 1.19286 0.77043 0.694251 0.730274 0.863706 0.690384 0.645337 0.567456 0.561737
threshold=0.76966292134831471 0.050561797752808994 0.94943820224719111 0.39887640449438216 0.89325842696629221 0.073033707865168551 0.84831460674157311 0.30898876404494396 -0.42134831460674144 0.10674157303370788 0.11797752808988766 0.34269662921348326 0.38764044943820236 0.69101123595505631
decision_type=2 2 2 2 2 2 2 2 2 2 2 2 2 2
left_child=3 -2 -3 4 5 10 -5 8 9 -7 -1 -9 -13 -11
right_child=1 2 -4 6 -6 7 -8 11 -10 13 -12 12 -14 -15
leaf_value=0.017102694826427636 -0.016046673162789998 0.022900251794792804 0.045504081154117623 -0.013768662456130704 0.019230309734920181 -0.012737472896069366 -0.037754595165014275 0.017684285641402255 -0.01218895895447439 0.030126261082925113 -0.0076044332624858688 -0.01719719842858921 0.017263352025117605 -0.005504320302780104
leaf_weight=5.8911948092281801 1.9943598024547089 35.852349964901805 13.802993026096372 11.929230126086624 3.610762702766805 3.1478175763040772 5.221557041630148 3.4209754187613717 105.05613462533802 2.2664470844902103 4.0285641229711473 3.2887747804634273 0.75749300373718131 1.2665671193972228
leaf_count=271 114 1572 477 594 167 182 235 140 4914 90 240 167 32 75
internal_value=3.06241e-10 0.0279104 0.0299578 -0.00973901 -0.00790045 -0.00880108 -0.0227489 -0.0101897 -0.0111731 0.00430907 0.00729124 0.00410607 -0.00860333 0.0189565
internal_weight=201.535 51.6497 49.6553 149.886 132.735 129.124 17.1508 119.204 111.737 6.68083 9.91976 7.46724 4.04627 3.53301
internal_count=9270 2163 2049 7107 6278 6111 829 5600 5261 347 511 339 199 165
is_linear=0
shrinkage=0.05


Tree=1
num_leaves=15
num_cat=0
split_feature=1 1 1 0 0 1 2 1 0 0 0 0 0 0
split_gain=75.9685 5.50171 5.44665 4.33104 4.98171 3.00777 2.49344 2.37229 2.48684 2.24322 2.04489 1.84458 1.77218 1.55237
threshold=0.8370786516853933 0.76966292134831471 0.94943820224719111 0.23033707865168543 0.97191011235955072 0.050561797752808994 -0.41011235955056163 0.96067415730337091 0.93820224719101131 0.87078651685393271 0.17415730337078653 0.10674157303370788 0.67977528089887651 0.88202247191011252
decision_type=2 2 2 2 2 2 2 2 2 2 2 2 2 2
left_child=1 5 -2 10 7 -1 11 12 9 -9 -4 -7 -5 -11
right_child=2 -3 3 4 -6 6 -8 8 -10 13 -12 -13 -14 -15
leaf_value=-0.0042360051831500161 0.012486302657302786 -0.0021677733039097307 0.0077979805554426324 0.043667569001444341 0.017377268149486667 -0.029928813313681454 -0.026064293208534064 0.0444409367489133 0.05992049909308636 -0.024326738410080706 -0.045687133979525972 0.0032034063024272172 0.0076418747024600137 0.022490708071313106
leaf_weight=21.854620153550059 81.583253014832735 42.524109024554491 8.0888341292738897 4.4792798310518256 39.857501529157162 4.9073942741379168 163.26572333648801 23.093115858733654 20.060442909598351 1.218979313969611 1.228904291987418 13.98671410512179 10.551683895289896 11.671735145151613
leaf_count=515 1030 618 66 16 175 192 6223 80 71 7 6 177 53 41
internal_value=2.80442e-10 -0.0185887 0.0226857 0.0294454 0.0321731 -0.0219842 -0.0240788 0.0401141 0.0449421 0.0351974 -0.00300043 -0.00647391 0.0204319 0.0166309
internal_weight=448.372 246.539 201.834 120.25 110.933 204.014 182.16 71.0752 56.0443 35.9838 9.31774 18.8941 15.031 12.8907
internal_count=9270 7725 1545 515 443 7107 6592 268 199 128 72 369 69 48
is_linear=0
shrinkage=0.05


Tree=2
num_leaves=15
num_cat=0
split_feature=1 1 0 0 1 1 1 0 2 0 2 2 1 1
split_gain=69.5818 6.94549 3.93824 3.81976 2.9319 2.81294 2.76329 1.34948 1.3085 1.98638 1.37397 3.07664 1.72346 1.33654
threshold=0.8370786516853933 0.94943820224719111 0.97191011235955072 0.23033707865168543 0.78089887640449451 0.98314606741573041 0.061797752808988769 0.028089887640449441 -0.37640449438202234 0.52247191011235972 -0.27528089887640433 -0.14044943820224712 0.97191011235955072 0.97191011235955072
decision_type=2 2 2 2 2 2 2 2 2 2 2 2 2 2
left_child=4 7 3 -3 6 8 -1 -2 9 13 -10 -12 -13 -5
right_child=1 2 -4 5 -6 -7 -8 -9 10 -11 11 12 -14 -15
leaf_value=-0.0058362198461446423 -0.027419514296883898 0.0011733645636795144 0.014619473922142273 0.042295273565070457 -0.0038854151543404355 0.054322133070086015 -0.024200626144519888 0.012304790708209442 0.062649104182529752 -0.027326238502901969 -0.0063147743509236387 0.022826671979034804 0.051447654106225905 -0.010148186096084907
leaf_weight=24.265766519121826 1.2747413888573635 6.8617632724344721 30.070252269506454 2.5305465757846823 26.328560383059084 24.748607661575079 163.06055922852829 92.222348023205996 3.7449704036116556 1.8127791881561277 4.8206044360995284 15.477255165576942 10.505900871008635 1.3574390783905985
leaf_count=618 27 72 175 12 515 79 6592 1003 11 11 26 85 37 7
internal_value=4.23047e-10 0.0215042 0.0304993 0.0368525 -0.0196781 0.0405442 -0.0218654 0.0114788 0.030961 0.0072438 0.0345606 0.0292832 0.0358769 0.0256551
internal_weight=409.082 195.427 101.93 71.8599 213.655 64.9981 187.326 93.4971 40.2495 5.70076 34.5487 30.8038 25.9832 3.88799
internal_count=9270 1545 515 340 7725 268 7210 1030 189 30 159 148 122 19
is_linear=0
shrinkage=0.05


Tree=3
num_leaves=15
num_cat=0
split_feature=1 1 0 0 1 1 1 0 1 1 0 1 1 0
split_gain=52.3002 5.61576 3.36747 3.50654 3.03327 4.0883 2.68085 0.982617 0.6964 0.687482 0.613491 1.27568 1.3809 0.932201
threshold=0.8370786516853933 0.94943820224719111 0.97191011235955072 0.23033707865168543 0.050561797752808994 0.76966292134831471 0.98314606741573041 0.028089887640449441 0.99438202247191021 0.96067415730337091 0.90449438202247201 0.93820224719101131 0.89325842696629221 0.98314606741573041
decision_type=2 2 2 2 2 2 2 2 2 2 2 2 2 2
left_child=4 7 3 -3 -1 -6 -5 -2 9 -4 -9 12 -12 -13
right_child=1 2 8 6 5 -7 -8 10 -10 -11 11 13 -14 -15
leaf_value=-0.00042874248635592788 -0.023599341341841919 0.00093454700427901712 0.023839365810435876 0.028010434765532263 -0.02318325842298263 -0.0028263381567131753 0.052035201234803 0.01347544423295605 0.023515751608385455 0.0022659723051519035 -0.0054042307575583055 -0.029846239542472071 0.018634409557900144 0.011830946238279884
leaf_weight=22.794120626524091 1.2173112481832493 7.1888571977615348 3.8562409952282932 34.874780859798193 148.6750384029001 29.889976128935814 22.18206687271595 62.999155512079597 9.9554044380784052 16.504057742655277 9.3538464233279282 3.1624655537307254 13.927320800721644 1.3274790085852144
leaf_count=515 27 72 24 189 6592 618 79 698 54 97 112 38 142 13
internal_value=-1.21731e-10 0.0190215 0.0275411 0.0340069 -0.0176294 -0.0198104 0.038086 0.0100616 0.0131901 0.00727674 0.0107652 0.00436235 0.00915142 -0.0176136
internal_weight=387.908 186.549 94.5614 64.2457 201.359 178.565 57.0568 91.9876 30.3157 20.3603 90.7703 27.7711 23.2812 4.48994
internal_count=9270 1545 515 340 7725 7210 268 1030 175 121 1003 305 254 51
is_linear=0
shrinkage=0.05


Tree=4
num_leaves=15
num_cat=0
split_feature=1 1 0 1 1 0 0 1 2 2 1 2 2 2
split_gain=45.3069 6.91686 3.10728 2.67735 3.54555 1.93286 1.88515 1.96724 0.84866 0.871552 1.63678 0.851872 0.742843 1.09825
threshold=0.8370786516853933 0.98314606741573041 0.98314606741573041 0.78089887640449451 0.061797752808988769 0.14044943820224723 0.039325842696629219 0.89325842696629221 -0.41011235955056163 0.19101123595505617 0.64606741573033721 0.23595505617977527 0.011235955056179791 -1.0000000180025095e-35
decision_type=2 2 2 2 2 2 2 2 2 2 2 2 2 2
left_child=3 6 5 4 -1 -3 -2 -8 -6 -10 -11 -12 13 -4
right_child=1 2 12 -5 8 -7 7 -9 9 10 11 -13 -14 -15
leaf_value=-0.0016669473367605292 -0.0246853514766061 -0.00055370159618673993 -0.0073256945956190651 -0.0010858141345089227 -0.0085617846458219474 0.050749513109913227 0.004149544923069389 0.01771141781398099 -0.02582477718329336 -0.019228658187567967 -0.01272769128579106 0.02813409681164597 -0.0084559607596615544 0.028901990493253784
leaf_weight=26.315867742989212 2.3520256550982586 1.9604338146746183 2.3372861072421065 25.030058128759265 12.94939345680177 23.65561356768012 37.84755739197135 96.640183288604021 89.535050436388701 39.230288660153747 1.3555363407358521 2.2303345231339335 2.2661620602011672 7.255313202738761
leaf_count=618 57 32 15 515 393 93 496 786 4354 1756 44 45 18 48
internal_value=-1.65669e-10 0.0185036 0.037327 -0.0164129 -0.0186291 0.0469499 0.0131152 0.0139536 -0.0216688 -0.0228773 -0.0162651 0.0132804 0.0145059 0.0202167
internal_weight=370.961 174.315 37.4748 196.647 171.616 25.616 136.84 134.488 145.301 132.351 42.8162 3.58587 11.8588 9.5926
internal_count=9270 1545 206 7725 7210 125 1339 1282 6592 6199 1845 89 81 63
is_linear=0
shrinkage=0.05


Tree=5
num_leaves=15
num_cat=0
split_feature=1 1 1 1 2 0 0 2 0 0 2 2 1 0
split_gain=44.034 5.95117 3.99349 3.03021 2.32072 1.82685 1.75421 0.701389 0.816055 0.634772 0.608921 0.513238 0.801765 0.462745
threshold=0.89325842696629221 0.78089887640449451 0.98314606741573041 0.050561797752808994 -0.016853932584269645 0.039325842696629219 0.14044943820224723 -0.41011235955056163 0.10674157303370788 0.99438202247191021 0.011235955056179791 0.66853932584269682 1.0000000180025095e-35 0.016853932584269666
decision_type=2 2 2 2 2 2 2 2 2 2 2 2 2 2
left_child=1 3 5 11 6 -2 -4 8 -5 -7 -6 12 -1 -3
right_child=2 13 4 7 10 9 -8 -9 -10 -11 -12 -13 -14 -15
leaf_value=0.013058376826777697 -0.028523941517015511 -0.025268073918609232 -0.00092156714662560866 -0.025205637684660755 0.021278499878596847 0.018632557351388798 0.04938884115987676 -0.022257459140722028 0.00082646230516787039 -0.00029918014828143175 -0.0087514586457527067 0.014240714248719109 -0.0098412370246771311 0.0010300367517171512
leaf_weight=4.026936734095222 1.3198198387399305 0.72323807049542566 1.8344865106046224 3.6973509038798502 12.092060446739193 91.505335316061974 22.014093026518822 129.9526700116694 8.2149318037554604 4.6173508986830702 1.384082484990359 3.2986677773296824 15.69491429440677 56.218463658355176
leaf_count=89 38 22 32 200 71 755 85 6302 193 31 18 71 355 1008
internal_value=2.46217e-10 -0.0136765 0.0224465 -0.0184639 0.0363145 0.0168196 0.0456375 -0.021177 -0.00857973 0.0177294 0.0178028 -0.00155862 -0.00476092 0.000265685
internal_weight=356.594 221.827 134.767 164.885 37.3247 97.4425 23.8486 141.865 11.9123 96.1227 13.4761 23.0205 19.7219 56.9417
internal_count=9270 8240 1030 7210 206 824 117 6695 393 786 89 515 444 1030
is_linear=0
shrinkage=0.05


Tree=6
num_leaves=15
num_cat=0
split_feature=1 1 1 1 2 0 1 0 0 1 2 0 2 0
split_gain=37.5043 5.18 2.14448 2.37564 2.0165 1.57291 1.46452 1.59282 0.605057 0.60935 0.530904 0.454899 0.451683 0.443859
threshold=0.8370786516853933 0.98314606741573041 0.028089887640449441 0.76966292134831471 -0.016853932584269645 0.14044943820224723 0.89325842696629221 0.039325842696629219 0.028089887640449441 0.016853932584269666 0.17415730337078655 0.67977528089887651 0.011235955056179791 0.97191011235955072
decision_type=2 2 2 2 2 2 2 2 2 2 2 2 2 2
left_child=2 6 8 -4 5 -3 -2 -8 9 -1 -5 -10 -6 -9
right_child=1 4 3 10 12 -7 7 13 11 -11 -12 -13 -14 -15
leaf_value=0.032337486263757306 0.0030327469019169723 -0.001416597454579119 -0.019459979501406901 -0.0047977248621348797 0.019297452166493322 0.046802548429035473 -0.027400564757679075 0.018043537865707837 -0.0066795109439164784 -0.011721132261208529 0.025906581973902054 0.015569510250993788 -0.0084823099033318559 0.0078385497909992073
leaf_weight=1.8353511765599244 30.86164284683764 1.7700796686112905 143.01858540438116 27.373699066229168 11.682206943631169 20.912045873701572 1.2418172266334284 78.838706377893686 9.3568770922720415 0.49901644513010968 0.49428778141736884 1.9630659371614445 1.0864887237548835 14.8853457942605
leaf_count=31 515 32 6798 611 71 85 38 657 225 12 7 41 18 129
internal_value=3.27048e-10 0.0175559 -0.0153548 -0.0168717 0.0342558 0.0431387 0.0126179 0.0156687 0.00348516 0.0222285 -0.00337458 -0.00187058 0.0164893 0.0165226
internal_weight=345.819 161.278 184.541 170.887 35.4508 22.6821 125.828 94.9659 13.6543 2.33437 27.868 11.3199 12.7687 93.7241
internal_count=9270 1545 7725 7416 206 117 1339 824 309 43 618 266 89 786
is_linear=0
shrinkage=0.05


Tree=7
num_leaves=15
num_cat=0
split_feature=1 1 2 0 1 1 0 2 0 2 0 2 2 0
split_gain=30.9071 4.98729 2.7304 2.2913 1.82824 1.99811 1.39187 1.16674 1.00165 0.770981 1.7871 1.21176 1.17555 0.850537
threshold=0.8370786516853933 0.97191011235955072 -0.016853932584269645 0.81460674157303381 0.028089887640449441 0.75842696629213491 0.76966292134831471 -0.89325842696629199 0.016853932584269666 -0.25280898876404484 0.58988764044943831 -0.42134831460674144 -0.35393258426966284 0.75842696629213491
decision_type=2 2 2 2 2 2 2 2 2 2 2 2 2 2
left_child=4 8 3 6 -1 -6 7 -3 -2 10 11 -10 -13 -11
right_child=1 2 -4 -5 5 -7 -8 -9 9 13 -12 12 -14 -15
leaf_value=0.0034347832483231666 -0.027599774488904535 -0.012165951980803549 0.012523763434516331 0.04655596081331316 -0.017963349211398732 -0.0034654682049978058 -0.026952657872780329 0.029201126251391891 0.016268778196087321 -0.0064688745917304506 0.043030994537275713 -0.02701687737866796 0.015239108045646403 0.00952128183627334
leaf_weight=13.49866611510515 0.82648686971515317 1.5254435501992691 18.043530806899071 22.115177623927593 138.1765334601514 29.320083200000226 0.83373353630304414 7.7364819608628723 20.23930812347681 8.7632742375135404 4.6404198668897143 2.8514174073934555 2.0198364071547976 67.17239966802299
leaf_count=309 26 32 130 96 6695 721 4 47 239 124 32 37 28 750
internal_value=-2.61649e-10 0.0161969 0.0290631 0.0376719 -0.0140407 -0.0154611 0.0157689 0.0218663 0.00991262 0.0104619 0.0172423 0.011011 -0.00988437 0.00761586
internal_weight=337.763 156.768 50.2544 32.2108 180.995 167.497 10.0957 9.26193 106.513 105.687 29.751 25.1106 4.87125 75.9357
internal_count=9270 1545 309 179 7725 7416 83 79 1236 1210 336 304 65 874
is_linear=0
shrinkage=0.05


Tree=8
num_leaves=15
num_cat=0
split_feature=1 1 1 1 0 0 1 0 0 2 1 2 2 0
split_gain=27.9738 4.07118 1.74188 2.23786 1.6881 1.24733 1.0557 1.25317 0.483724 0.640478 0.529506 0.443439 0.46938 0.441349
threshold=0.8370786516853933 0.98314606741573041 0.75842696629213491 0.050561797752808994 0.98314606741573041 0.14044943820224723 0.89325842696629221 0.050561797752808994 0.016853932584269666 0.66853932584269682 0.016853932584269666 -1.0000000180025095e-35 0.011235955056179791 0.97191011235955072
decision_type=2 2 2 2 2 2 2 2 2 2 2 2 2 2
left_child=2 6 3 8 5 -3 -2 -8 10 -10 -1 -6 -13 -9
right_child=1 4 -4 -5 11 -7 7 13 9 -11 -12 12 -14 -15
leaf_value=0.029435695870265746 0.002730607349068988 -0.0013492252325601598 -0.0021046258791027148 -0.01800164664235928 -0.0042630198331519865 0.042273268380987682 -0.021715217488879016 0.016206767911720439 -0.0078082033351448135 0.013637562264084108 -0.0085848379068324161 0.022156850058729218 -0.0077966630077785162 0.0057411421311082782
leaf_weight=1.4933066628873377 28.608540860004723 1.7097531519830251 29.22552421502769 128.39729234529659 2.3703496605157843 20.253263771533966 1.5749882259406138 75.301868341863155 15.678918020799758 3.4396223574876776 0.8747554663568734 7.8986274823546392 1.0204106979072092 13.281679600477217
leaf_count=26 515 32 721 6489 15 93 41 654 397 71 21 48 18 129
internal_value=3.02324e-11 0.0157193 -0.013355 -0.0155202 0.0310003 0.0389665 0.0112179 0.0138515 -0.000550951 -0.00346381 0.0170121 0.0135926 0.0182894 0.0147192
internal_weight=331.129 152.019 179.109 149.884 33.2524 21.963 118.767 90.1585 21.4866 19.1185 2.36806 11.2894 8.91904 88.5835
internal_count=9270 1545 7725 7004 206 125 1339 824 515 468 47 81 66 783
is_linear=0
shrinkage=0.05


Tree=9
num_leaves=15
num_cat=0
split_feature=1 1 1 1 0 2 0 0 1 2 0 1 2 2
split_gain=25.2345 3.50029 2.51189 2.13425 1.32215 1.26116 1.14019 0.662313 0.572596 0.545436 0.458414 0.437315 0.41598 0.908824
threshold=0.89325842696629221 0.75842696629213491 0.98314606741573041 0.050561797752808994 0.039325842696629219 -0.016853932584269645 0.14044943820224723 0.016853932584269666 0.016853932584269666 0.66853932584269682 0.016853932584269666 1.0000000180025095e-35 -0.85955056179775269 -0.82584269662921328
decision_type=2 2 2 2 2 2 2 2 2 2 2 2 2 2
left_child=1 3 4 7 -2 6 -4 8 -1 -9 -3 -11 -6 -14
right_child=2 10 5 -5 12 -7 -8 9 -10 11 -12 -13 13 -15
leaf_value=0.031443513723794322 -0.024355376588345974 -0.024895457715543176 -0.0013249923207849694 -0.017262967410478332 0.033217949715083489 0.015246896089839437 0.041291467015272476 -0.0077733187183950427 -0.0082242633880572624 -0.012551143142921661 0.00060519979481919901 0.019959804261845918 -0.019222567368732076 0.014121104341320623
leaf_weight=1.7198708839714556 1.3943857811391343 0.81873640604317088 1.6447474304586673 125.57614727597684 2.2881064750254145 11.837087480351331 17.935455538332462 15.311479939147832 0.85246318019926537 0.66174867376685087 55.912977751810104 2.7218574173748493 1.2615619599819172 85.215763360261917
leaf_count=26 38 22 32 6489 16 89 85 397 21 14 1214 57 11 759
internal_value=6.08012e-11 -0.0107491 0.0179397 -0.0148005 0.0134368 0.0300486 0.0378212 -0.000138161 0.0196754 -0.00372497 -0.000187671 0.0121888 0.0142952 0.0134205
internal_weight=325.152 203.575 121.577 146.844 90.1598 31.4173 19.5802 21.2674 2.57233 18.6951 56.7317 3.38361 88.7654 86.4773
internal_count=9270 8240 1030 7004 824 206 117 515 47 468 1236 71 786 770
is_linear=0
shrinkage=0.05


Tree=10
num_leaves=15
num_cat=0
split_feature=1 1 1 1 0 2 0 0 0 2 1 0 0 0
split_gain=22.849 3.11027 2.18005 1.99231 1.63338 1.15295 1.00188 0.655318 0.615747 0.565929 0.539653 0.433132 0.422169 1.36496
threshold=0.89325842696629221 0.75842696629213491 0.98314606741573041 0.050561797752808994 0.039325842696629219 -0.016853932584269645 0.14044943820224723 0.016853932584269666 0.073033707865168551 0.66853932584269682 0.016853932584269666 0.016853932584269666 0.23033707865168543 0.17415730337078653
decision_type=2 2 2 2 2 2 2 2 2 2 2 2 2 2
left_child=1 3 4 7 -2 6 -4 10 -6 -9 -1 -3 13 -10
right_child=2 11 5 -5 8 -7 -8 9 12 -11 -12 -13 -14 -15
leaf_value=0.030267320819893275 -0.030791615694386088 -0.024345740950007043 -0.00086608145989483922 -0.016666896035495 0.035387161148127122 0.014704055078189983 0.039607021112294534 -0.0079285325646915542 0.014792170828491042 0.012378352121344038 -0.0081104250322502798 0.00034535751197713643 0.013712108303658634 -0.031968013252875301
leaf_weight=1.8427267298102408 1.1811445681378234 0.83342892862856288 1.6225636247545505 121.99958538776264 2.5435875020921221 12.114534487947823 17.270899325609207 14.890730276703836 3.6500366777181616 3.426786793395876 0.836338311433792 56.156660580541939 79.86633114144206 1.350052051246166
leaf_count=26 38 22 32 6489 17 89 85 397 29 71 21 1214 722 18
internal_value=-5.19594e-10 -0.0103239 0.0172055 -0.014237 0.012956 0.0285623 0.0362624 -2.07346e-06 0.0138887 -0.00368546 0.0193387 -0.000429327 0.0128398 -0.00105704
internal_weight=319.585 199.986 119.599 142.996 88.5912 31.008 18.8935 20.9966 87.41 18.3175 2.67907 56.9901 84.8664 5.00009
internal_count=9270 8240 1030 7004 824 206 117 515 786 468 47 1236 769 47
is_linear=0
shrinkage=0.05


Tree=11
num_leaves=15
num_cat=0
split_feature=1 1 1 1 0 2 0 2 0 1 0 1 2 0
split_gain=20.3024 2.74623 1.93732 1.712 1.25599 1.01839 0.948275 0.704132 0.550588 0.439683 0.433716 0.423544 1.78899 1.84579
threshold=0.89325842696629221 0.75842696629213491 0.98314606741573041 0.028089887640449441 0.039325842696629219 -0.016853932584269645 0.14044943820224723 -0.85955056179775269 0.028089887640449441 0.016853932584269666 0.67977528089887651 0.96067415730337091 -0.37640449438202234 0.97191011235955072
decision_type=2 2 2 2 2 2 2 2 2 2 2 2 2 2
left_child=1 3 4 8 -2 6 -4 -6 9 -1 -10 -9 -13 -14
right_child=2 -3 5 -5 7 -7 -8 11 10 -11 -12 12 13 -15
leaf_value=0.028126600731522795 -0.027094880402845203 -0.00039908678425763826 -0.0013367581085560216 -0.015242872190792645 0.034875145910100207 0.014143951762327739 0.037961967855219547 0.0092039325044516434 -0.0072994760433926671 -0.010055210947233963 0.014276481558737363 -0.015007938652278367 0.028446181975064901 -0.0048701004647401427
leaf_weight=2.1121994666755195 1.0837516477331508 55.734895071946084 1.608297493308785 128.15823278296739 2.8450619578361502 12.079101048409941 16.638175085186958 56.446602094918489 8.2875193394720537 0.43365381285548199 2.1234157830476752 3.097574137151244 19.187270730733875 4.9020511060953131
leaf_count=31 38 1236 32 6695 16 89 85 581 225 12 41 28 103 58
internal_value=-5.51515e-10 -0.00981283 0.0163302 -0.0135019 0.0123121 0.027169 0.0346086 0.01311 0.00357656 0.0206212 -0.00203337 0.0119663 0.0171715 0.0217426
internal_weight=314.738 196.85 117.888 141.115 87.5623 30.3256 18.2465 86.4786 12.9568 2.54585 10.4109 83.6335 27.1869 24.0893
internal_count=9270 8240 1030 7004 824 206 117 786 309 43 266 770 189 161
is_linear=0
shrinkage=0.05


Tree=12
num_leaves=15
num_cat=0
split_feature=1 1 1 1 2 0 2 0 2 0 1 0 0 0
split_gain=17.6783 2.2869 1.74752 1.67641 1.56369 1.49154 1.13441 0.971643 0.946417 0.930392 1.20452 1.1901 0.960652 1.59269
threshold=0.89325842696629221 0.75842696629213491 0.028089887640449441 0.97191011235955072 -0.016853932584269645 0.14044943820224723 -0.25280898876404484 0.57865168539325851 -0.44382022471910104 0.76966292134831471 0.9269662921348315 0.82584269662921361 0.84831460674157311 0.93820224719101131
decision_type=2 2 2 2 2 2 2 2 2 2 2 2 2 2
left_child=1 2 -1 6 5 -5 7 8 -2 -8 11 -11 -12 -14
right_child=3 -3 -4 4 -6 -7 9 -9 -10 10 12 -13 13 -15
leaf_value=0.004493192296017059 0.018123894050007344 -0.0004688308456956081 -0.01426369258543277 -0.0082106401495183595 0.0098592687615100157 0.033556497403890884 -0.014390702900634253 0.038263334704665808 -0.010538790986541029 -0.017542718388430769 0.022024800701299883 0.022997637635755262 -0.016759034561529974 0.0079879363647923762
leaf_weight=13.288966421037911 13.800275381654505 55.265163454227149 127.25773506239057 1.9442392401397253 15.691277429461477 25.475928723812103 4.0783469267189494 4.7850245013833037 2.8745493441820154 1.309238869696858 4.0505190938711193 14.820708647370337 9.7216806784272212 15.552019461989401
leaf_count=309 142 1236 6695 42 130 137 47 31 35 18 39 160 95 154
internal_value=3.1823e-10 -0.00910313 -0.012471 0.0155651 0.0233234 0.0304103 0.0105952 0.0199805 0.0128661 0.00621413 0.00833287 0.018875 0.00210288 -0.00180669
internal_weight=309.916 195.812 140.547 114.104 43.1114 27.4202 70.9924 21.4598 16.6748 49.5325 45.4542 16.1299 29.3242 25.2737
internal_count=9270 8240 7004 1030 309 179 721 208 177 513 466 178 288 249
is_linear=0
shrinkage=0.05


Tree=13
num_leaves=15
num_cat=0
split_feature=1 1 1 0 1 2 0 2 0 1 1 2 1 2
split_gain=15.9102 1.99126 1.55665 1.45587 1.26253 1.11389 0.631875 0.523003 0.455433 0.453375 0.449773 0.420876 0.351965 0.337613
threshold=0.89325842696629221 0.75842696629213491 0.028089887640449441 0.050561797752808994 0.98314606741573041 -0.016853932584269645 0.028089887640449441 -0.85955056179775269 0.67977528089887651 0.016853932584269666 1.0000000180025095e-35 -0.82584269662921328 0.99438202247191021 -0.85955056179775269
decision_type=2 2 2 2 2 2 2 2 2 2 2 2 2 2
left_child=1 2 6 12 7 13 9 -5 -8 -1 -10 -9 -2 -6
right_child=3 -3 -4 4 5 -7 8 11 10 -11 -12 -13 -14 -15
leaf_value=0.028817607598043887 -0.025932263064715022 -0.00057760767972749678 -0.01351740073462955 0.032444307822185339 1.9110412204529965e-05 0.011421580451540909 -0.0075149612620193694 -0.014154852560860085 -0.011229806334322103 -0.010059810958943038 0.024481482342429136 0.011859889870325581 0.0076272772297857287 0.034622046370075717
leaf_weight=2.3542817234992977 1.8691969849169248 55.031691210344434 125.80694641731679 2.4491707049310198 0.73701802827418106 11.168673869222404 8.1149339415132982 0.78456166014075179 0.61799891293048803 0.42209166660904873 1.6466601900756357 78.483784202486277 0.55852863937616337 15.75713676586747
leaf_count=31 47 1236 6695 13 13 89 225 11 13 12 28 759 12 86
internal_value=4.56544e-11 -0.0086463 -0.0118147 0.0149456 0.0158407 0.0250912 0.00427257 0.0124437 -0.00192222 0.0218083 0.0142815 0.0114293 -0.0182388 0.0331653
internal_weight=305.803 193.995 138.963 111.808 109.38 27.6628 13.156 81.7175 10.3796 2.77637 2.26466 79.2683 2.42773 16.4942
internal_count=9270 8240 7004 1030 971 188 309 783 266 43 41 770 59 99
is_linear=0
shrinkage=0.05


Tree=14
num_leaves=15
num_cat=0
split_feature=1 1 1 1 0 2 0 2 0 2 0 0 0 0
split_gain=14.5958 1.67042 1.4629 1.29218 1.11426 1.63813 0.900723 2.56912 0.739395 0.634723 0.614492 0.527358 0.511277 1.41709
threshold=0.89325842696629221 0.75842696629213491 0.028089887640449441 0.96067415730337091 0.23033707865168543 -0.016853932584269645 0.91573033707865181 1.0000000180025095e-35 0.039325842696629219 -0.033707865168539304 0.073033707865168551 0.028089887640449441 0.80337078651685401 0.67977528089887651
decision_type=2 2 2 2 2 2 2 2 2 2 2 2 2 2
left_child=1 2 11 6 -5 9 8 -8 -2 -6 -10 -1 13 -12
right_child=3 -3 -4 4 5 -7 7 -9 10 -11 12 -13 -14 -15
leaf_value=0.019659393946196233 -0.020787198719888537 -0.00082182692978207599 -0.012860908918723817 -0.0063813951031808577 0.023135802647270658 0.0095819760811117535 -0.029891000782574853 0.0098937135467290251 0.036614014061605797 0.042934131460690181 0.014318654734766446 -0.0015538694168254338 0.019326593404752745 -0.014680436844398272
leaf_weight=3.006324276328086 0.67505198810249467 54.194843471050262 124.92531857965514 3.325926447287201 24.197640758007768 19.049463357776403 4.3201850336045053 16.103702127933502 2.2391811795532695 7.0482574589550486 14.047494161874058 10.434431888163088 13.935107607394455 4.9411152563989154
leaf_count=43 25 1236 6695 62 141 170 52 163 13 39 143 266 152 70
internal_value=-9.48419e-11 -0.00828618 -0.0111829 0.0144646 0.0200109 0.0218465 0.00892147 0.000475799 0.013591 0.0287948 0.0148076 0.00422376 0.0122889 0.00641574
internal_weight=302.444 192.561 138.366 109.883 53.6213 50.2954 56.2618 20.4239 35.838 31.2459 35.1629 13.4408 32.9237 18.9886
internal_count=9270 8240 7004 1030 412 350 618 215 403 180 378 309 365 213
is_linear=0
shrinkage=0.05


Tree=15
num_leaves=15
num_cat=0
split_feature=1 1 1 0 2 0 1 2 1 2 0 1 0 0
split_gain=14.0509 1.43476 1.3745 1.33416 0.959376 1.65137 0.975064 1.87043 0.997086 0.693088 0.725564 0.632879 1.00479 0.582976
threshold=0.89325842696629221 0.75842696629213491 0.028089887640449441 0.050561797752808994 -0.016853932584269645 0.93820224719101131 0.91573033707865181 -0.033707865168539304 0.9269662921348315 -0.067415730337078608 0.64606741573033721 0.90449438202247201 0.27528089887640456 0.028089887640449441
decision_type=2 2 2 2 2 2 2 2 2 2 2 2 2 2
left_child=1 2 13 -2 5 6 9 8 -8 10 11 12 -5 -1
right_child=3 -3 -4 4 -6 -7 7 -9 -10 -11 -12 -13 -14 -15
leaf_value=0.020023451200836848 -0.018703279851162935 -0.0011621407796960118 -0.012425230032238223 -0.011710297967818944 0.0086500171501284213 0.037931276880180692 0.03978234230089206 -0.023083106398812114 0.016938669714095501 0.018196044207286356 -0.023387826867473909 -0.013352647801983284 0.033677710257031111 -0.0020302559020724878
leaf_weight=3.1256429553031913 2.1633714698255053 54.056297304108739 124.32345316163264 1.3995703496038898 38.731396529823542 9.2272087000310403 5.4851898141205231 1.7872240282595218 38.59384954534471 3.384089943021535 2.6550049297511578 2.0783476047217846 1.964065685868263 10.393484499305485
leaf_count=43 59 1236 6695 18 400 52 46 28 307 32 44 27 17 266
internal_value=-7.34348e-11 -0.00809584 -0.010787 0.0143974 0.015247 0.0189001 0.0152404 0.0184424 0.0206008 0.00199579 -0.00603095 0.00475307 0.0164366 0.00409652
internal_weight=299.368 191.899 137.843 107.469 105.306 66.5746 57.3473 45.8663 44.079 11.4811 8.09699 5.44198 3.36364 13.5191
internal_count=9270 8240 7004 1030 971 571 519 381 353 138 106 62 35 309
is_linear=0
shrinkage=0.05


Tree=16
num_leaves=15
num_cat=0
split_feature=1 1 1 0 2 0 0 1 1 1 2 0 1 0
split_gain=13.2672 1.33151 1.29591 0.923629 1.05876 1.33153 0.786509 2.14001 1.05973 1.10343 1.01845 0.994905 0.676228 1.00866
threshold=0.89325842696629221 0.75842696629213491 0.028089887640449441 0.050561797752808994 -0.016853932584269645 0.93820224719101131 0.89325842696629221 0.97191011235955072 0.91573033707865181 0.9269662921348315 -0.10112359550561791 0.88202247191011252 0.93820224719101131 0.23033707865168543
decision_type=2 2 2 2 2 2 2 2 2 2 2 2 2 2
left_child=1 2 -1 -2 5 6 8 -8 -5 -10 12 -12 -11 -14
right_child=3 -3 -4 4 -6 -7 7 -9 9 10 11 -13 13 -15
leaf_value=0.0040237118743941432 -0.014519705114927421 -0.0011097540994694543 -0.011982632847192988 0.0034176840732784508 0.007843240126757807 0.036289346288309515 -0.026901697042238156 0.021604005176940506 0.040126273415527561 -0.00035106797252196779 -0.021777086738764589 0.017318170493919278 0.00057837936443296055 0.027497953242093632
leaf_weight=13.584589865058659 1.9725950947031368 53.960451038554311 124.2576488237828 10.830940322950481 36.705663559958339 8.8932194449007493 3.1032738517969838 4.1003372222185135 6.1465923935174933 3.4651169851422265 2.5253205485642019 2.0575986057519913 4.2094833049923208 20.347172703593969
leaf_count=309 59 1236 6695 138 400 52 40 24 46 38 31 17 43 142
internal_value=3.2276e-10 -0.0077967 -0.0103876 0.0142679 0.0149576 0.0187563 0.01543 -2.40526e-05 0.0176313 0.0214181 0.0168021 -0.00426644 0.0202761 0.0230866
internal_weight=296.16 191.803 137.842 104.357 102.385 65.6791 56.7858 7.20361 49.5822 38.7513 32.6047 4.58292 28.0218 24.5567
internal_count=9270 8240 7004 1030 971 571 519 64 455 317 271 48 223 185
is_linear=0
shrinkage=0.05


Tree=17
num_leaves=15
num_cat=0
split_feature=1 1 1 0 2 0 0 1 1 2 0 2 2 0
split_gain=12.0793 1.17418 1.08447 0.822676 0.961258 1.16244 0.584999 0.528973 1.28176 1.07432 1.28977 0.962384 0.581412 0.517717
threshold=0.89325842696629221 0.75842696629213491 0.050561797752808994 0.050561797752808994 -0.016853932584269645 0.93820224719101131 0.016853932584269666 0.91573033707865181 0.9269662921348315 -0.095505617977528059 0.50000000000000011 -0.033707865168539304 -0.067415730337078608 0.64606741573033721
decision_type=2 2 2 2 2 2 2 2 2 2 2 2 2 2
left_child=1 2 6 -2 5 7 -1 12 9 10 -9 -10 13 -5
right_child=3 -3 -4 4 -6 -7 -8 8 11 -11 -12 -13 -14 -15
leaf_value=0.017096965529322852 -0.013575994319664456 -0.0011053877685076408 -0.011705972907491605 0.0055788184853433195 0.0076427571444396521 0.034858700388275377 -0.0032737630179671775 0.034939747192517821 0.014704509902998007 0.057840037287027961 -0.011019301296230462 -0.019337000700293688 0.019345863043486858 -0.019316841976384783
leaf_weight=3.3465125486254719 1.9355402924120415 53.734885286539793 116.50539346504956 4.7870953045785427 36.048583846539259 8.5869503282010538 17.656212607398629 2.421092476695776 36.796971365809434 2.5032588914036742 2.0881804302334785 1.3574893418699563 3.0756285488605482 2.3219235111027956
leaf_count=47 59 1236 6489 62 400 52 468 15 307 12 20 27 32 44
internal_value=-1.61076e-10 -0.00740096 -0.00983537 0.0138238 0.0144834 0.018163 0.000601569 0.0150003 0.0172922 0.0359601 0.0155197 0.0130304 0.00419885 -0.00393191
internal_weight=293.166 191.243 137.508 101.923 99.9872 63.9386 21.0027 55.3516 45.167 7.01253 4.50927 38.1545 10.1846 7.10902
internal_count=9270 8240 7004 1030 971 571 515 519 381 47 35 334 138 106
is_linear=0
shrinkage=0.05


Tree=18
num_leaves=15
num_cat=0
split_feature=1 1 1 2 0 0 0 1 2 1 1 1 2 2
split_gain=10.5812 1.073 0.95204 0.828166 1.25462 0.662149 0.558225 0.556545 0.469124 0.552326 0.446101 1.3296 0.943862 0.47428
threshold=0.89325842696629221 0.79213483146067432 0.028089887640449441 -0.016853932584269645 0.93820224719101131 0.050561797752808994 0.028089887640449441 0.016853932584269666 0.66853932584269682 1.0000000180025095e-35 0.91573033707865181 0.9269662921348315 -0.033707865168539304 -0.095505617977528059
decision_type=2 2 2 2 2 2 2 2 2 2 2 2 2 2
left_child=1 2 6 4 5 -2 7 -1 -8 -10 -7 13 -13 -12
right_child=3 -3 -4 -5 -6 10 8 -9 9 -11 11 12 -14 -15
leaf_value=0.026339536646219859 -0.011548653380016573 0.00011344306116637342 -0.010183642613428103 0.0066570703381786034 0.033524806076884246 0.0042371327132743409 -0.0085319881286633117 -0.013041722844648674 -0.013417098577805105 0.02476037107347244 0.01878135278563246 0.013908739964875551 -0.019754043964979449 0.053152662216928249
leaf_weight=2.794459011405706 1.8784634871408332 42.196238785982132 134.38134869886562 35.423730459064245 8.6771318055689317 10.002953991293905 7.7943899240344745 0.50823836214840401 0.67552304640412364 1.7540205977857111 4.1814347431063652 36.44000595994293 1.3497218713164389 2.2153679095208636
leaf_count=31 59 927 7004 400 52 138 225 12 14 27 35 307 27 12
internal_value=3.19172e-11 -0.00692201 -0.00891641 0.0130754 0.0164324 0.0132461 0.00350739 0.0186567 -0.00261261 0.0133283 0.0142992 0.0164329 0.0122282 0.0362616
internal_weight=290.273 190.104 147.908 100.169 64.7451 56.0679 13.5266 3.3027 10.2239 2.42954 54.1895 44.1865 37.7897 6.3968
internal_count=9270 8240 7313 1030 630 578 309 43 266 41 519 381 334 47
is_linear=0
shrinkage=0.05


Tree=19
num_leaves=15
num_cat=0
split_feature=1 1 1 2 0 2 0 0 1 1 1 2 0 2
split_gain=9.46172 0.937307 1.12812 0.845834 1.23775 0.756922 0.632094 0.464117 0.451287 0.42227 0.398169 0.375927 1.17274 0.839768
threshold=0.89325842696629221 0.79213483146067432 0.028089887640449441 -0.016853932584269645 0.93820224719101131 0.022471910112359526 0.050561797752808994 0.70224719101123612 0.016853932584269666 0.91573033707865181 1.0000000180025095e-35 0.45505617977528096 0.89325842696629221 0.32022471910112366
decision_type=2 2 2 2 2 2 2 2 2 2 2 2 2 2
left_child=1 2 5 4 6 8 -2 -7 -1 -5 -9 12 -4 -14
right_child=3 -3 11 9 -6 7 -8 10 -10 -11 -12 -13 13 -15
leaf_value=0.028353968562238097 -0.011371233509480841 0.00010596724067603082 -0.010105998888700413 0.017803409581501686 0.033129999362144148 -0.008029989438519845 0.01380660614764842 -0.010392050236844632 -0.0082747850628853304 0.0032911899100663668 0.023741357718783388 -0.019137561565228639 0.017307123694588866 -0.01890125315825553
leaf_weight=2.9946741610765453 1.8906794446520496 41.679787017405033 117.23546186974272 5.2512864693999282 8.4023513793945295 7.995659137144683 53.557702241465449 0.5871145743876699 0.58309631049633015 29.09522619843483 1.6058041565120218 9.6991536258719844 5.9872742302250108 1.1871762317605314
leaf_count=27 59 927 6265 58 52 229 519 13 15 342 25 523 155 61
internal_value=2.40373e-10 -0.006519 -0.00837446 0.0125228 0.0159117 0.00496412 0.0127619 -0.00240094 0.0218808 0.00595089 0.0142102 -0.00977028 -0.00889322 0.00973634
internal_weight=287.752 189.555 147.875 98.1972 63.8507 13.7663 55.4484 10.1886 3.57777 34.3465 2.19292 134.109 124.41 7.17445
internal_count=9270 8240 7313 1030 630 309 578 267 42 400 38 7004 6481 216
is_linear=0
shrinkage=0.05


Tree=20
num_leaves=15
num_cat=0
split_feature=1 1 1 0 1 0 1 0 0 2 1 0 0 0
split_gain=8.58054 1.04342 0.966835 0.865681 0.732919 0.845558 0.741983 0.97673 1.20066 0.675631 0.820988 0.649014 0.681205 0.571245
threshold=0.89325842696629221 1.0000000180025095e-35 0.75842696629213491 0.028089887640449441 0.98314606741573041 0.98314606741573041 0.9269662921348315 0.82584269662921361 0.64606741573033721 0.19662921348314608 0.57865168539325851 0.91573033707865181 0.9269662921348315 0.56741573033707871
decision_type=2 2 2 2 2 2 2 2 2 2 2 2 2 2
left_child=1 3 9 -1 6 -6 7 8 13 -3 -11 -9 -13 -2
right_child=4 2 -4 -5 5 -7 -8 11 -10 10 -12 12 -14 -15
leaf_value=0.030364512434380458 0.0050326795852335751 -0.011555773871423466 -0.0011143467880482764 -0.0050349139485045174 0.025715529251505543 0.005299265121987605 0.0053123128131467622 0.033233452348468959 -0.020387500714494956 -0.0063794730694035273 0.013881102783581676 -0.017768305805895369 0.016842769069691284 0.033357249821923562
leaf_weight=2.5575394853949538 6.9766106531023997 90.52885600971058 52.195913717150688 2.8859242331236601 16.420451788231734 8.0307737030088884 46.701807042350993 7.921394430100916 2.6722653880715361 34.886834509670734 4.8516982207074753 0.93591028451919545 5.6340274401009083 1.6344384774565694
leaf_count=22 90 4856 1236 81 125 81 515 76 47 1872 173 16 68 12
internal_value=-1.05868e-10 -0.00622645 -0.00689335 0.0137283 0.0120111 0.0194817 0.00925992 0.0159472 0.00432726 -0.00918277 -0.00362583 0.0241313 0.0102164 0.0133202
internal_weight=284.834 187.907 182.463 5.44346 96.9277 24.4512 72.4765 25.7746 11.2833 130.267 39.7385 14.4913 6.56994 8.61105
internal_count=9270 8240 8137 103 1030 206 824 309 149 6901 2045 160 84 102
is_linear=0
shrinkage=0.05


Tree=21
num_leaves=15
num_cat=0
split_feature=1 1 1 0 0 0 0 0 2 1 2 2 2 2
split_gain=7.44172 1.01335 0.990313 0.875239 0.798183 0.771906 0.535531 0.452085 1.00997 1.14762 0.80443 0.430441 0.404373 0.804663
threshold=0.8370786516853933 1.0000000180025095e-35 0.98314606741573041 0.016853932584269666 0.98314606741573041 0.12921348314606743 0.14044943820224723 0.89325842696629221 0.33146067415730346 0.028089887640449441 0.23595505617977527 0.76966292134831471 -0.41011235955056163 -0.44382022471910104
decision_type=2 2 2 2 2 2 2 2 2 2 2 2 2 2
left_child=1 5 3 -2 6 -1 -4 11 10 -10 -9 12 13 -3
right_child=2 7 4 -5 -6 -7 -8 8 9 -11 -12 -13 -14 -15
leaf_value=0.026327356036198225 -0.028516355753318269 -0.007228379888645298 -0.001916243053466442 0.0075154169726318739 0.004174867529878108 -0.0075663140722884333 0.027183349434674393 -0.0013319715479144735 0.021657267061161802 -0.030620395413175652 0.027068873448335768 0.015266241321884175 -0.0098079854839541753 0.017495687996811719
leaf_weight=3.0179513543844214 0.7530778949148943 12.443709941348059 1.6191187500953734 96.813321554102004 7.5555232986807814 2.2749239951372147 14.544553723186253 6.2551667094230634 0.63440430536866133 2.9187394008040428 3.0512715321965516 1.0011262455955137 125.88236580463126 3.3617686768993726
leaf_count=38 29 428 32 1310 81 65 93 149 10 154 76 24 6684 97
internal_value=6.07336e-11 -0.00703385 0.0093091 0.00695081 0.018336 0.0128722 0.0243266 -0.0077891 0.00111137 -0.0185798 0.00970264 -0.00859339 -0.00886778 -0.00124151
internal_weight=282.127 160.841 121.286 97.5664 23.7192 5.29288 16.1637 155.549 12.8596 3.55314 9.30644 142.689 141.688 15.8055
internal_count=9270 7725 1545 1339 206 103 125 7622 389 164 225 7233 7209 525
is_linear=0
shrinkage=0.05


Tree=22
num_leaves=15
num_cat=0
split_feature=1 1 0 1 0 2 0 1 2 2 2 1 1 2
split_gain=6.55579 0.990727 0.844932 0.802514 0.662329 0.686578 1.07105 0.638365 0.543399 0.636765 0.594124 0.520891 1.49761 0.825352
threshold=0.89325842696629221 1.0000000180025095e-35 0.028089887640449441 0.75842696629213491 0.050561797752808994 -0.016853932584269645 0.93820224719101131 0.91573033707865181 0.19662921348314608 0.42134831460674166 0.76966292134831471 0.91573033707865181 0.9269662921348315 -0.033707865168539304
decision_type=2 2 2 2 2 2 2 2 2 2 2 2 2 2
left_child=1 2 -1 8 -2 6 11 -7 -3 -10 -11 -6 -13 -14
right_child=4 3 -4 -5 5 7 -8 -9 9 10 -12 12 13 -15
leaf_value=0.030170415830478144 -0.013772086911841975 -0.010464184451302741 -0.0047860421057803731 -0.00091935472889622381 0.0010358693631569856 0.019240004109041673 0.030591684925762461 0.0016563136338430624 0.0016898781907616187 -0.016093805801301934 0.0086596949844125314 0.034419283187634035 0.010864671253895312 -0.020450683285648311
leaf_weight=2.5827341824769965 1.9282321254722763 88.624899342423305 2.8867390807718039 51.481427419930696 10.264001062139867 5.4411374852061263 7.998118218034505 27.173159129917622 24.257252341834828 11.167395214084534 2.3482950115576378 6.393870308995246 35.510600499808781 1.3281996846199096
leaf_count=22 59 4856 81 1236 138 58 52 342 1347 631 67 47 307 27
internal_value=4.6593e-10 -0.00553708 0.0138327 -0.00620666 0.0105192 0.0111565 0.014249 0.00507496 -0.00833605 -0.00320179 -0.0114927 0.0112892 0.013645 0.00922499
internal_weight=279.386 183.349 5.46947 177.879 96.0373 94.1091 61.4948 32.6143 126.398 37.7729 13.5157 53.4967 43.2327 36.8388
internal_count=9270 8240 103 8137 1030 971 571 400 6901 2045 698 519 381 334
is_linear=0
shrinkage=0.05


Tree=23
num_leaves=15
num_cat=0
split_feature=1 1 0 1 2 1 0 1 0 0 1 1 1 1
split_gain=6.51577 1.02636 0.866619 0.748922 0.490793 1.00335 0.453917 0.59563 0.785608 1.47529 1.18164 1.06527 1.3165 0.631294
threshold=0.89325842696629221 1.0000000180025095e-35 0.028089887640449441 0.75842696629213491 0.23595505617977527 0.64606741573033721 0.97191011235955072 0.98314606741573041 0.82584269662921361 0.78089887640449451 0.97191011235955072 0.9269662921348315 0.96067415730337091 0.91573033707865181
decision_type=2 2 2 2 2 2 2 2 2 2 2 2 2 2
left_child=1 2 -1 4 -3 -6 7 8 9 10 13 -10 -13 -2
right_child=6 3 -4 -5 5 -7 -8 -9 11 -11 -12 12 -14 -15
leaf_value=0.030803272021002578 -0.002434840871148895 -0.010147511411526408 -0.0047503335756372885 -0.001094655319662384 -0.0054121964086884739 0.025210320367264075 0.0030729313465484966 0.021538209485221796 0.02492269170010436 -0.02641323661456867 -0.020888411338572832 -0.006455449616601743 0.017690350096407757 0.015849994029482468
leaf_weight=2.5700907111167899 6.0798102924600341 91.851514719659463 2.8540725000202656 51.617235649377108 31.796703422442079 1.9234544057399023 17.399002887308598 13.819495795294641 14.235936863347886 2.669883517548441 2.3454743716865769 9.4597200900316256 11.658231824636458 16.927474049851298
leaf_count=22 99 5179 81 1236 1677 45 222 113 142 36 27 142 81 168
internal_value=5.37007e-11 -0.00551131 0.0142684 -0.00619349 -0.00826419 -0.00298965 0.0105858 0.0122181 0.00988285 0.00344893 0.00747666 0.0147474 0.00707147 0.011118
internal_weight=277.208 182.613 5.42416 177.189 125.572 33.7202 94.595 77.196 63.3765 28.0226 25.3528 35.3539 21.118 23.0073
internal_count=9270 8240 103 8137 6901 1722 1030 808 695 330 294 365 223 267
is_linear=0
shrinkage=0.05


Tree=24
num_leaves=15
num_cat=0
split_feature=1 1 0 0 1 0 1 0 0 1 1 1 0 0
split_gain=5.37317 0.990859 0.844027 0.680631 0.64639 0.535307 0.506353 0.498559 1.32069 0.850794 1.25181 0.76662 0.618158 0.785853
threshold=0.89325842696629221 1.0000000180025095e-35 0.028089887640449441 0.050561797752808994 0.80337078651685401 0.97191011235955072 0.98314606741573041 0.82584269662921361 0.78089887640449451 0.9269662921348315 0.97191011235955072 0.97191011235955072 0.84831460674157311 0.93820224719101131
decision_type=2 2 2 2 2 2 2 2 2 2 2 2 2 2
left_child=1 2 -1 -2 -3 6 7 8 11 -9 12 -5 -11 -14
right_child=3 4 -4 5 -6 -7 -8 9 -10 10 -12 -13 13 -15
leaf_value=0.030605533122041197 -0.014656041524156296 -0.0072098412963522013 -0.0045274346402883608 0.011237739474692171 0.00023052573632042686 0.0022406355413012763 0.021169662146579251 0.023006345815270987 -0.024742736890558222 0.023879747407377756 0.024013443622829009 -0.016217229178601585 -0.015912902595763369 0.0069566277740462715
leaf_weight=2.5947538912296286 1.9524058373644937 139.71664596581832 2.8335970435291529 22.127059850841768 36.754561189562082 17.019608782604337 12.894352618604897 14.133756762370465 2.4306756220757952 1.1010534204542661 6.1092890538275233 1.9717477113008488 6.8676355443894845 6.3670872151851654
leaf_count=22 59 7313 81 233 824 222 95 142 36 12 38 20 95 78
internal_value=2.00898e-10 -0.00499279 0.0144147 0.00971728 -0.00566763 0.0103937 0.0122139 0.0100137 0.00460663 0.0139161 0.00685213 0.00843476 -0.00155024 -0.00519482
internal_weight=274.874 181.9 5.42835 92.9747 176.471 91.0223 74.0027 61.1083 26.5295 34.5788 20.4451 24.0988 14.3358 13.2347
internal_count=9270 8240 103 1030 8137 971 749 654 289 365 223 253 185 173
is_linear=0
shrinkage=0.05


Tree=25
num_leaves=15
num_cat=0
split_feature=1 1 0 1 0 2 0 1 2 2 1 0 0 0
split_gain=5.18715 0.795278 0.716642 0.588675 0.451635 0.535088 0.895464 0.57336 0.404542 0.584793 0.649714 0.459606 0.399321 0.525891
threshold=0.89325842696629221 1.0000000180025095e-35 0.028089887640449441 0.80337078651685401 0.050561797752808994 -0.016853932584269645 0.93820224719101131 0.93820224719101131 -0.42134831460674144 0.17977528089887643 0.54494382022471921 0.061797752808988769 0.073033707865168551 0.23033707865168543
decision_type=2 2 2 2 2 2 2 2 2 2 2 2 2 2
left_child=1 2 -1 8 -2 6 12 -7 11 -10 -11 -3 -6 -14
right_child=4 3 -4 -5 5 7 -8 -9 9 10 -12 -13 13 -15
leaf_value=0.028153563019433232 -0.01081458859679036 -0.014463092488581226 -0.0045351390766762657 0.00013559715832830963 0.027814110614951287 0.012682663648138973 0.028173226066555607 -0.00082852604420373659 -0.010049623150691621 -0.0055293984290830621 0.010704114038469326 0.0069077582088870179 -0.0063627025147838454 0.010472582396761262
leaf_weight=2.4463969804346553 1.8626175606623281 2.3390991045162073 2.8036644589155912 36.782505655661225 2.2482601813971987 12.202369414269926 7.6566242389380923 19.096082905307412 87.602737951790914 33.623118394287303 6.5382676115259519 9.3148094012867642 4.504376718774437 44.287384379655123
leaf_count=22 59 134 81 824 18 145 52 255 4732 1910 249 288 59 442
internal_value=-1.64733e-10 -0.00489622 0.0127644 -0.0054915 0.0096203 0.0101574 0.0129569 0.00466868 -0.00696649 -0.00777529 -0.00269074 0.00181434 0.0101768 0.0088218
internal_weight=273.308 181.451 5.25006 176.201 91.8577 89.9951 58.6966 31.2985 139.418 127.764 40.1614 11.6539 51.04 48.7918
internal_count=9270 8240 103 8137 1030 971 571 400 7313 6891 2159 422 519 501
is_linear=0
shrinkage=0.05


Tree=26
num_leaves=15
num_cat=0
split_feature=1 1 0 1 1 0 0 0 0 1 0 2 2 2
split_gain=4.8625 0.709183 0.690315 0.534621 0.436381 0.697971 0.401362 0.611681 0.646814 0.567131 0.547994 2.12565 0.739931 0.697672
threshold=0.89325842696629221 1.0000000180025095e-35 0.28651685393258436 0.75842696629213491 0.99438202247191021 0.99438202247191021 0.050561797752808994 0.073033707865168551 0.23033707865168543 0.94943820224719111 0.43258426966292141 -0.37640449438202234 -0.43258426966292124 -0.25280898876404484
decision_type=2 2 2 2 2 2 2 2 2 2 2 2 2 2
left_child=1 2 -1 -3 5 6 -2 -8 9 -9 -10 12 -12 -13
right_child=4 3 -4 -5 -6 -7 7 8 10 -11 11 13 -14 -15
leaf_value=0.022444662055210035 -0.01280431395967755 -0.007096088715212218 -0.010886922928227787 -0.0010121665743248001 0.01872028979472044 -0.013301090106086953 0.03143904612894239 0.0045099151612240963 0.023774128617197549 -0.02805283086676303 -0.00050452724289160456 0.02533349273483328 -0.040285887907714389 0.0082333807890828236
leaf_weight=3.5808689314872018 1.2608838281594206 123.35993366502225 1.6155523583292959 51.408314049243927 10.519897710531948 2.8597908206284037 2.1526635177433482 2.6707327291369434 5.372520074248313 1.2883049212396143 2.006007064133883 6.1310744285583416 1.8897138983011164 54.882779160514488
leaf_count=56 47 6901 47 1236 103 49 15 34 51 21 20 47 25 618
internal_value=1.17933e-10 -0.0047588 0.0119974 -0.00532243 0.0093571 0.00791907 0.00885971 0.0093781 0.00832909 -0.00960645 0.00946001 0.0079325 -0.0240886 0.0103325
internal_weight=270.999 179.965 5.19642 174.768 91.0344 80.5145 77.6547 76.3938 74.2411 3.95904 70.2821 64.9096 3.89572 61.0139
internal_count=9270 8240 103 8137 1030 927 878 831 816 55 761 710 45 665
is_linear=0
shrinkage=0.05


Tree=27
num_leaves=15
num_cat=0
split_feature=1 1 0 2 0 1 2 1 0 1 1 2 0 2
split_gain=4.67525 0.703884 0.687926 0.516138 0.88055 0.475618 0.415334 0.413236 0.390933 0.374089 1.04938 0.900512 0.745919 0.682037
threshold=0.89325842696629221 1.0000000180025095e-35 0.028089887640449441 -0.016853932584269645 0.93820224719101131 0.78089887640449451 -0.42134831460674144 0.93820224719101131 0.016853932584269666 0.91573033707865181 0.9269662921348315 -0.095505617977528059 0.69101123595505631 -0.033707865168539304
decision_type=2 2 2 2 2 2 2 2 2 2 2 2 2 2
left_child=1 2 -1 4 9 6 -3 -5 -7 -2 11 12 -11 -12
right_child=3 5 -4 7 -6 8 -8 -9 -10 10 13 -13 -14 -15
leaf_value=0.027164007989656354 0.00076208046668386044 0.0030863237750603867 -0.0046808075269604383 0.010596243708050453 0.027473063855742615 -0.023878935719038402 -0.0075274332062929654 -0.00092327547534207179 0.00020180533016971952 0.019506501589592985 0.0091551966032095231 0.049218750257807961 -0.020984787458141876 -0.01942753691700104
leaf_weight=2.4231537654995909 10.446809036657212 9.4430604621302319 2.8696782812476158 12.188429376110436 7.2018367983400813 0.75270353816449542 120.62697756942362 18.65023897215724 43.501235006377101 3.3469918891787533 34.115112005267285 2.2173528261482707 0.63741614297032345 1.2969881016761124
leaf_count=22 148 371 81 145 52 22 6736 255 1008 30 351 12 10 27
internal_value=-1.44784e-10 -0.00465797 0.0118982 0.00923486 0.0119428 -0.00522564 -0.00673921 0.00381942 -0.000726392 0.00931711 0.0113965 0.0289912 0.0101183 0.00760354
internal_weight=269.718 179.617 5.29283 90.1012 59.2625 174.324 130.07 30.8387 44.2539 52.0607 41.6139 6.20176 3.98441 35.4121
internal_count=9270 8240 103 1030 630 8137 7107 400 1030 578 430 52 40 378
is_linear=0
shrinkage=0.05


Tree=28
num_leaves=15
num_cat=0
split_feature=1 1 0 2 0 0 1 1 2 0 2 2 2 1
split_gain=3.89917 0.623844 0.616429 0.46571 0.809411 0.439271 0.398088 0.835162 0.734873 0.732572 0.670818 0.505118 0.461848 0.393306
threshold=0.89325842696629221 1.0000000180025095e-35 0.028089887640449441 -0.016853932584269645 0.93820224719101131 0.039325842696629219 0.91573033707865181 0.9269662921348315 -0.095505617977528059 0.44382022471910115 -0.033707865168539304 -0.067415730337078608 -0.2078651685393258 0.80337078651685401
decision_type=2 2 2 2 2 2 2 2 2 2 2 2 2 2
left_child=1 2 -1 4 5 -2 11 8 9 -8 -9 12 -7 -3
right_child=3 13 -4 -5 -6 6 7 10 -10 -11 -12 -13 -14 -15
leaf_value=0.025079956722057168 -0.012438672943279421 -0.0060100590606331009 -0.0048029069989749904 0.003314800642409679 0.026162312290460222 0.0014027226803619457 0.030330103876489902 0.009714900248626944 0.046768892293737631 -0.0063814655186490675 -0.018689635462083951 0.01447703371008339 -0.024019897172334367 -0.00018195968484071488
leaf_weight=2.5864767991006365 1.5623478484340001 137.06039988459088 2.809419384226203 30.304551897570491 6.9829050265252581 5.1208084058016539 1.3925332427024844 32.985473690554493 2.0409900620579711 2.5133076608181 1.3047285936772883 3.1544385477900487 1.663515869528055 36.708427656441927
leaf_count=22 54 7313 81 400 52 73 9 312 12 26 27 32 33 824
internal_value=1.44663e-11 -0.00424589 0.0112029 0.00849714 0.0110713 0.0085771 0.00946175 0.0116269 0.0276917 0.0102216 0.00813515 0.000434452 -0.00711579 -0.00478697
internal_weight=268.19 179.165 5.3959 89.0256 58.721 51.7381 50.1758 40.237 5.94683 3.90584 34.2902 9.93876 6.78432 173.769
internal_count=9270 8240 103 1030 630 578 524 386 47 35 339 138 106 8137
is_linear=0
shrinkage=0.05


Tree=29
num_leaves=15
num_cat=0
split_feature=1 2 0 1 2 1 0 0 0 2 1 2 2 1
split_gain=3.71439 0.486557 0.64234 0.485505 0.523467 0.466436 0.530525 0.490039 0.610479 0.522339 0.655195 0.463249 0.925268 0.459085
threshold=0.89325842696629221 -0.016853932584269645 0.93820224719101131 0.028089887640449441 0.022471910112359526 0.35393258426966295 0.87078651685393271 0.016853932584269666 0.21910112359550563 0.17977528089887643 0.80337078651685401 -0.15168539325842689 -0.44382022471910104 0.82584269662921361
decision_type=2 2 2 2 2 2 2 2 2 2 2 2 2 2
left_child=3 2 -2 4 -1 6 -5 -7 -9 10 -10 12 -12 -14
right_child=1 -3 -4 5 -6 7 -8 8 9 -11 11 -13 13 -15
leaf_value=0.019827363987718914 0.0087480921476532896 0.00303844855407973 0.024670482845027708 -0.0074383728182391036 -0.0012185732270450036 -0.024956279111769075 -0.03048223991653028 0.0056072136296547448 -0.0092859216192922485 0.0042920863774739007 -0.013552169134771678 -0.0044691804900205993 0.031302909417887513 0.0063638990464396075
leaf_weight=3.1355503946542731 51.185613535344601 29.815476911142468 6.8242702521383753 48.90291569265537 9.9835522845387441 1.5132744573056687 1.789214564487337 18.284494990482926 49.121966649312526 14.698349840473382 2.8723770175129166 20.581217167899013 2.2638200949877518 5.8861815929412842
leaf_count=42 578 400 52 2893 267 69 94 699 2709 756 63 470 49 129
internal_value=5.10446e-11 0.0083668 0.0110075 -0.00412805 0.00485957 -0.00486357 -0.00882568 -0.00305949 -0.00255306 -0.00415861 -0.00573099 -9.01567e-05 0.00777807 0.0159552
internal_weight=266.858 87.8254 58.0099 179.033 13.1191 165.914 50.6921 115.222 113.708 95.4239 80.7256 31.6036 11.0224 8.15
internal_count=9270 1030 630 8240 309 7931 2987 4944 4875 4176 3420 711 241 178
is_linear=0
shrinkage=0.05


Tree=30
num_leaves=15
num_cat=0
split_feature=1 2 0 0 1 1 1 2 1 0 2 2 2 1
split_gain=3.12889 0.434957 0.660164 0.437945 0.433853 0.415757 0.876709 0.725299 0.638746 0.757224 0.494244 0.646923 0.477264 0.425981
threshold=0.89325842696629221 -0.016853932584269645 0.93820224719101131 0.050561797752808994 0.91573033707865181 0.91573033707865181 0.9269662921348315 -0.10112359550561791 0.97191011235955072 0.88202247191011252 -0.095505617977528059 -0.47752808988764034 -0.067415730337078608 0.93820224719101131
decision_type=2 2 2 2 2 2 2 2 2 2 2 2 2 2
left_child=-1 2 3 -2 -3 12 10 13 -9 -10 11 -7 -5 -8
right_child=1 4 -4 5 -6 6 7 8 9 -11 -12 -13 -14 -15
leaf_value=-0.0038148220454066774 -0.011794276261237567 0.013935019087093681 0.024098148494285487 -0.007798267895456879 -0.00048106982533897862 0.030234555495064271 -0.0036185870700572264 -0.014135498981198603 -0.026341051695202025 0.01838767547088108 0.044483780168759091 -0.0047601041578690089 0.013212707108170189 0.014426646215686529
leaf_weight=177.3241380455438 1.8559298794716586 5.650414656847718 6.6916134208440772 6.5759125184267759 23.96224432066083 1.4479748010635374 3.417914785444732 5.3893239963799768 0.27221982181072268 3.4508463628590107 1.9050687886774529 2.3725768812000756 3.2023052424192411 21.339262288063765
leaf_count=8240 59 58 52 106 342 9 38 82 2 25 12 26 32 187
internal_value=-9.3711e-11 0.0076838 0.0101765 0.00793148 0.00263502 0.00889239 0.0111219 0.00757987 -0.00415205 0.0102326 0.0278321 0.0120234 -0.000329847 0.0118916
internal_weight=264.858 87.5336 57.9209 51.2293 29.6127 49.3734 39.5952 33.8696 9.11239 3.72307 5.72562 3.82055 9.77822 24.7572
internal_count=9270 1030 630 578 400 519 381 334 109 27 47 35 138 225
is_linear=0
shrinkage=0.05


Tree=31
num_leaves=15
num_cat=0
split_feature=1 1 0 1 0 0 0 2 1 0 0 0 2 0
split_gain=2.88851 0.470312 0.544878 0.402964 0.478615 0.438942 0.464218 0.633418 0.331063 0.399804 0.329141 0.465189 0.579688 1.41823
threshold=0.89325842696629221 1.0000000180025095e-35 0.28651685393258436 0.98314606741573041 0.98314606741573041 0.14044943820224723 0.82584269662921361 -0.061797752808988742 0.78089887640449451 0.016853932584269666 0.039325842696629219 0.073033707865168551 -0.37640449438202234 0.42134831460674166
decision_type=2 2 2 2 2 2 2 2 2 2 2 2 2 2
left_child=1 2 -1 10 5 -5 -7 -8 -3 -10 -2 -12 13 -13
right_child=3 8 -4 4 -6 6 7 -9 9 -11 11 12 -14 -15
leaf_value=0.019042139412437237 -0.015960383116375886 -0.0053812537224795292 -0.010413158811048368 -0.0041454712219499458 0.0011638077045008075 0.034782935076830154 -0.0055901103547387962 0.02089587868225222 -0.023673125309196838 0.00057175681620040292 0.024852027209975563 0.0072516144137193027 0.0071135856538835293 -0.02767286440393011
leaf_weight=3.6810832135379306 0.82184559619054098 128.31578834075481 1.5906561631709335 1.5980688966810728 5.7489123959094277 3.7592306695878497 2.8518627397716036 5.7989965714514247 0.76818307861685653 43.494146794080734 2.1697402335703364 7.506720529869197 52.290035096928477 3.4625688455998898
leaf_count=56 38 7107 47 32 81 24 21 48 22 1008 17 90 635 44
internal_value=-3.47299e-10 -0.00363511 0.00991127 0.00747217 0.0136418 0.0183439 0.0213331 0.0124899 -0.00410363 -0.000362743 0.00545681 0.00596205 0.00493747 -0.0051636
internal_weight=263.858 177.85 5.27174 86.008 19.7571 14.0082 12.4101 8.65086 172.578 44.2623 66.2509 65.4291 63.2593 10.9693
internal_count=9270 8240 103 1030 206 125 93 69 8137 1030 824 786 769 134
is_linear=0
shrinkage=0.05


Tree=32
num_leaves=15
num_cat=0
split_feature=1 2 1 1 1 1 1 0 0 1 0 0 0 2
split_gain=2.59845 0.543017 0.5658 0.790265 0.693719 0.49517 0.46546 0.619709 0.419887 0.413709 0.476551 0.398092 0.962937 0.718093
threshold=0.89325842696629221 -0.016853932584269645 0.91573033707865181 0.9269662921348315 0.98314606741573041 0.91573033707865181 0.90449438202247201 0.87078651685393271 0.14044943820224723 1.0000000180025095e-35 0.28651685393258436 0.60112359550561811 0.41011235955056186 -0.34269662921348304
decision_type=2 2 2 2 2 2 2 2 2 2 2 2 2 2
left_child=9 2 6 -4 11 -3 -2 -8 -6 10 -1 12 -5 -13
right_child=1 5 3 4 8 -7 7 -9 -10 -11 -12 13 -14 -15
leaf_value=0.017455295931101521 0.0083854471234849279 0.013682333141507333 0.028812766649064864 0.0071080567460297802 -0.003622001465637275 -0.0017732635191969081 -0.019399950262196555 0.016838666530463665 0.021847152066564096 -0.0038845750802652072 -0.0099419336722657865 0.037361646103583786 -0.025219373383125639 0.0051002950096798415
leaf_weight=3.8229845594614735 5.406674547120927 5.5786483250558403 5.5006510941311708 5.9315687413327414 1.567873679101466 23.62872857786715 3.7306289551779628 0.72621380537748326 11.108231138437985 172.21610925300047 1.5855124052613971 0.97149546444415946 2.4827518090605736 18.490757498890165
leaf_count=56 73 58 52 79 32 342 67 8 85 8137 47 4 33 197
internal_value=1.73722e-10 0.00713376 0.00998037 0.0122634 0.00937927 0.001534 -0.000826988 -0.0114914 0.0186624 -0.00343956 0.00912564 0.0046579 -0.00409619 0.00845786
internal_weight=262.749 85.1242 55.9168 46.0533 40.5527 29.2074 9.86352 4.45684 12.6761 177.625 5.4085 27.8766 8.41432 19.4623
internal_count=9270 1030 630 482 430 400 148 75 117 8240 103 313 112 201
is_linear=0
shrinkage=0.05


Tree=33
num_leaves=15
num_cat=0
split_feature=1 2 0 0 0 0 2 2 2 0 0 1 1 0
split_gain=2.55318 0.646423 0.605683 0.633951 0.434274 0.402563 0.949559 1.36289 0.867011 1.56454 0.774641 0.386882 0.957364 0.796397
threshold=0.89325842696629221 -0.016853932584269645 0.27528089887640456 0.17415730337078653 0.050561797752808994 0.38764044943820231 -0.37640449438202234 -0.43258426966292124 -0.25280898876404484 0.81460674157303381 0.56741573033707871 0.97191011235955072 0.9269662921348315 0.84831460674157311
decision_type=2 2 2 2 2 2 2 2 2 2 2 2 2 2
left_child=-1 2 3 4 -2 -4 7 -7 10 -10 -8 12 -11 -14
right_child=1 -3 5 -5 -6 6 8 -9 9 11 -12 -13 13 -15
leaf_value=-0.0033944658844292635 -0.012019312385856955 0.0010159569100422815 0.028135632688663832 -0.024663191606599719 0.011886366794090544 0.0087936830410510793 -0.011993420579697588 -0.036689689825318186 -0.011404312904263098 0.022188075557532244 0.034384280193296153 0.021063648676335228 0.02235075964259477 -0.011291279555175884
leaf_weight=177.81936271651648 1.8237801953218857 28.971129730343819 3.1503151543438426 1.3451595995575187 5.1742088831961155 3.9024763703346252 0.53683972358703513 1.5378982499241818 6.3586117997765532 5.4756937548518199 5.7528487220406532 12.545570749789475 1.3316795490682123 6.3320287261158228
leaf_count=8240 59 400 27 24 58 43 8 25 91 55 41 96 15 88
internal_value=9.85037e-11 0.00712117 0.0102466 -0.0019683 0.00493237 0.0124142 0.0106796 -0.00776413 0.013428 0.00951499 0.0293236 0.0149271 0.00799256 -0.00354042
internal_weight=262.058 84.2382 55.2671 8.34315 6.99799 46.924 43.7736 5.44037 38.3333 32.0436 6.28969 25.685 13.1394 7.66371
internal_count=9270 1030 630 141 117 489 462 68 394 345 49 254 158 103
is_linear=0
shrinkage=0.05


Tree=34
num_leaves=15
num_cat=0
split_feature=1 2 0 2 0 1 2 2 2 0 0 1 0 1
split_gain=2.38487 0.651163 0.698053 0.776508 0.848736 0.444543 0.465176 0.441217 1.19493 0.623207 0.524412 0.486925 0.374475 0.301586
threshold=0.8370786516853933 -0.016853932584269645 0.81460674157303381 -0.24157303370786509 0.58988764044943831 0.028089887640449441 0.022471910112359526 -0.43258426966292124 -0.35393258426966284 0.50000000000000011 0.27528089887640456 0.93820224719101131 0.67977528089887651 1.0000000180025095e-35
decision_type=2 2 2 2 2 2 2 2 2 2 2 2 2 2
left_child=5 2 3 4 7 6 -1 10 9 -9 -2 -12 -8 -14
right_child=1 -3 -4 -5 -6 -7 12 8 -10 -11 11 -13 13 -15
leaf_value=0.019085521213444534 8.6552698712663879e-05 0.0003194347822986253 0.014672046633249149 -0.0060516453523030839 0.024224933792984314 -0.0048223671955724759 -0.0061158268692954754 0.0046808189197239921 0.016160859362883157 -0.038680553102958627 0.0030402744434690088 0.025915460777858102 -0.0090750266866622166 0.021672528298981256
leaf_weight=2.9627576023340216 11.852378953248268 37.424526892602444 26.933150801807642 12.066418243572114 5.7990294713526955 140.22239340492524 8.018873166292904 0.90431379899382625 2.0393009427934912 1.7563112657517193 4.6309763882309181 4.3794329799711704 0.49187466688454096 1.6434314921498296
leaf_count=42 212 586 288 218 55 7416 226 17 28 34 69 38 13 28
internal_value=-4.69307e-11 0.00566987 0.00847136 0.00438216 0.00845951 -0.0039964 0.00454946 0.0041057 -0.00852365 -0.0266899 0.00721054 0.0156367 -0.00102265 0.0139543
internal_weight=261.125 107.786 70.3613 43.4282 31.3617 153.339 13.1169 25.5627 4.69993 2.66063 20.8628 9.01041 10.1542 2.13531
internal_count=9270 1545 959 671 453 7725 309 398 79 51 319 107 267 41
is_linear=0
shrinkage=0.05


Tree=35
num_leaves=15
num_cat=0
split_feature=1 2 0 0 0 1 0 1 1 0 2 0 2 1
split_gain=1.98445 0.643757 0.661718 0.565676 0.51164 0.395005 0.440832 0.330643 0.353942 0.300929 0.383576 0.300173 0.838514 0.938316
threshold=0.8370786516853933 -0.016853932584269645 0.81460674157303381 0.78089887640449451 0.016853932584269666 1.0000000180025095e-35 0.028089887640449441 0.91573033707865181 0.90449438202247201 0.65730337078651691 -0.70224719101123578 0.89325842696629221 0.33146067415730346 0.028089887640449441
decision_type=2 2 2 2 2 2 2 2 2 2 2 2 2 2
left_child=5 2 3 4 -2 6 -1 8 9 10 -6 -7 -13 -14
right_child=1 -3 -4 -5 7 11 -8 -9 -10 -11 -12 12 13 -15
leaf_value=0.021276851127960628 -0.018837459693709445 -0.00010975911140940472 0.014080193396520089 -0.013524632434249751 -0.0046487928977894093 -0.0047980635066038734 -0.0042454729303898322 0.011127278917678599 -0.012698337010356992 -0.0062637439135595444 0.014058898816681402 0.010974138035304882 0.020649635088256509 -0.026779960186411513
leaf_weight=2.3505013659596434 1.0818111714906979 36.943566296249628 26.721109196543694 3.2518063317984334 3.3345634490251514 135.9426798815839 2.8660815097391605 20.330378092825413 2.5257209241390219 3.7993653286248437 8.1322498116642272 8.9408263536170107 0.61385734379291479 2.7498770938254893
leaf_count=22 41 586 288 64 62 7233 81 221 44 89 150 225 10 154
internal_value=1.82857e-10 0.00522952 0.00804186 0.00400487 0.00575909 -0.00362667 0.00882716 0.00692074 0.00177769 0.0048061 0.00868216 -0.00412111 0.00315651 -0.0153758
internal_weight=259.584 106.121 69.177 42.4559 39.2041 153.464 5.21658 38.1223 17.7919 15.2662 11.4668 148.247 12.3046 3.36373
internal_count=9270 1545 959 671 607 7725 103 566 345 301 212 7622 389 164
is_linear=0
shrinkage=0.05


Tree=36
num_leaves=15
num_cat=0
split_feature=1 2 0 0 1 0 0 2 2 1 1 1 2 1
split_gain=1.87738 0.580841 0.58305 0.319508 0.29214 0.356346 0.30674 0.299397 0.425621 0.343768 0.242872 0.690486 0.609684 0.541781
threshold=0.8370786516853933 -0.016853932584269645 0.93820224719101131 0.016853932584269666 1.0000000180025095e-35 0.28651685393258436 0.96067415730337091 0.35393258426966306 0.14606741573033707 0.028089887640449441 0.91573033707865181 0.9269662921348315 -0.033707865168539304 0.90449438202247201
decision_type=2 2 2 2 2 2 2 2 2 2 2 2 2 2
left_child=4 2 3 -2 5 -1 -6 8 -8 -9 13 -12 -13 -5
right_child=1 -3 -4 10 6 -7 7 9 -10 -11 11 12 -14 -15
leaf_value=0.014678132985287204 -0.014087792920739679 1.7066946055917568e-05 0.021722916737065112 0.0061416460676173342 -0.0043039854140076855 -0.0089759714481850474 -0.014690821788138717 0.01477106642257928 0.024522656973011859 -0.021337098831380612 0.024393393317631244 0.0076399941207303942 -0.019353706389588676 -0.011868645613510614
leaf_weight=3.6523946914821854 0.99554036930203338 36.562007630243897 5.9491338282823554 20.249588554725054 144.7771879050415 1.6084726881235836 0.18002496846020211 0.22719230502843846 1.9926780462265012 0.62276601884514093 5.3746036924421778 30.414741458371282 1.2957515474408889 4.2300184601917854
leaf_count=56 41 586 52 391 7534 47 5 3 44 36 51 325 27 72
internal_value=1.42215e-10 0.00511913 0.00780258 0.00615789 -0.00352454 0.00716752 -0.00395073 0.00983297 0.0176672 -0.00891814 0.00670521 0.00921818 0.00597903 0.00268584
internal_weight=258.132 105.071 68.5094 62.5602 153.061 5.26087 147.8 3.02266 2.1727 0.849958 61.5647 37.0851 31.7105 24.4796
internal_count=9270 1545 959 907 7725 103 7622 88 49 39 866 403 352 463
is_linear=0
shrinkage=0.05


Tree=37
num_leaves=15
num_cat=0
split_feature=1 2 0 0 1 0 0 1 2 1 1 0 0 2
split_gain=1.69299 0.601079 0.526273 0.304418 0.286053 0.349133 0.286107 0.285919 0.418657 0.324885 0.225192 0.455818 0.395816 0.246833
threshold=0.8370786516853933 -0.016853932584269645 0.93820224719101131 0.016853932584269666 1.0000000180025095e-35 0.28651685393258436 0.96067415730337091 0.63483146067415741 0.14606741573033707 0.028089887640449441 0.98314606741573041 0.89325842696629221 0.14044943820224723 -0.37640449438202234
decision_type=2 2 2 2 2 2 2 2 2 2 2 2 2 2
left_child=4 2 3 -2 5 -1 -6 9 -9 -8 13 12 -12 -5
right_child=1 -3 -4 10 6 -7 7 8 -10 -11 11 -13 -14 -15
leaf_value=0.01472608959085463 -0.013659225349461419 -0.00031839476595376423 0.020982659309613974 0.00047413532171894699 -0.0041114563821431837 -0.0087327414190373886 0.014304687769768976 -0.014783898171193539 0.023872815386462864 -0.020992305897092438 -0.0037327609295807703 -0.0072941849186301533 0.025385242316700307 0.0076332355783018183
leaf_weight=3.6172371022403231 1.0060807038098563 36.324584290385246 5.8260523416101924 18.093497870955616 144.45781783876009 1.6123852059245107 0.21876863017678205 0.18077933602035079 2.0235648080706596 0.60828723851591349 1.170930579304694 1.4134685322642324 4.7521906644105911 35.833254970610142
leaf_count=56 41 586 52 278 7534 47 3 5 44 36 20 14 35 519
internal_value=2.57271e-11 0.00488015 0.00761772 0.00605539 -0.0033468 0.00725254 -0.00376894 0.00952447 0.0170782 -0.00893654 0.00659333 0.0144319 0.0199212 0.00528358
internal_weight=257.139 104.42 68.0955 62.2694 152.719 5.22962 147.489 3.0314 2.20434 0.827056 61.2633 7.33659 5.92312 53.9268
internal_count=9270 1545 959 907 7725 103 7622 88 49 39 866 69 55 797
is_linear=0
shrinkage=0.05


Tree=38
num_leaves=15
num_cat=0
split_feature=1 2 0 0 1 0 2 2 0 0 2 0 0 2
split_gain=1.51344 0.363909 0.553706 0.560974 0.322498 0.296857 1.34817 0.608206 0.989872 0.558002 0.457006 0.368413 0.462908 0.443505
threshold=0.89325842696629221 -0.016853932584269645 0.27528089887640456 0.17415730337078653 0.97191011235955072 0.43258426966292141 -0.37640449438202234 -0.27528089887640433 0.81460674157303381 0.56741573033707871 -0.43258426966292124 0.78089887640449451 0.76966292134831471 -0.2078651685393258
decision_type=2 2 2 2 2 2 2 2 2 2 2 2 2 2
left_child=-1 2 3 -2 -5 -4 10 9 11 -8 -7 12 13 -9
right_child=1 -3 5 4 -6 6 7 8 -10 -11 -12 -13 -14 -15
leaf_value=-0.0025954254486718255 0.0030913841159246999 0.00094921927237257659 0.020940731708539238 -0.032805764033909848 0.0075159049859985427 0.00026511711309684492 -0.0090756297218798007 0.0033124502483177693 0.012799050785236131 0.032084303040045309 -0.033277792912106169 -0.02326790982621384 0.018818663182298218 -0.025036381411523142
leaf_weight=175.90068921586499 6.9259543614462 27.656019307672977 5.1170378550887099 1.0245237946510313 0.23716695234179486 1.7273787632584574 0.53094187751411936 2.9997033327817912 24.506542611867189 4.122040219604969 1.4107737392187107 1.5505566596984861 1.242503799498081 1.278761669993407
leaf_count=8240 117 400 49 21 3 21 8 36 254 31 25 29 13 23
internal_value=-9.89315e-11 0.00564531 0.00804733 -0.00354993 -0.0252544 0.0102129 0.00833437 0.0111722 0.00815 0.026613 -0.019212 -0.00755103 -0.0002457 -0.00829846
internal_weight=256.231 80.3299 52.6739 8.18765 1.26169 44.4862 39.3692 36.2311 31.5781 4.65298 3.13815 7.07153 5.52097 4.27847
internal_count=9270 1030 630 141 24 489 440 394 355 39 46 101 72 59
is_linear=0
shrinkage=0.05


Tree=39
num_leaves=15
num_cat=0
split_feature=1 2 0 1 2 2 1 0 2 2 0 1 0 2
split_gain=1.26104 0.346814 0.56207 0.418527 0.852668 0.405285 0.80173 0.36694 0.532664 0.289558 0.44343 0.27693 0.348083 0.26097
threshold=0.8370786516853933 -0.016853932584269645 0.27528089887640456 0.96067415730337091 -0.57865168539325829 -0.37640449438202234 0.98314606741573041 0.90449438202247201 -0.044943820224719107 -0.25280898876404484 0.81460674157303381 1.0000000180025095e-35 0.28651685393258436 0.17977528089887643
decision_type=2 2 2 2 2 2 2 2 2 2 2 2 2 2
left_child=11 2 -2 4 -4 6 -5 8 -6 -7 -11 12 -1 -13
right_child=1 -3 3 5 7 9 -8 -9 -10 10 -12 13 -14 -15
leaf_value=0.014961389018289596 -0.0034509341071026303 0.00026017332052544439 0.032527345600173972 -0.024438625576071665 0.00078904180323282518 0.031901119207162286 0.017131743661936299 -0.017865107700975543 0.016817352266940012 -0.010264298858765975 0.015212090787877676 -0.0045657428138816706 -0.0084810353924362879 0.00016483130242220592
leaf_weight=3.6219279374927273 11.547947765327988 35.755839917808771 1.6018108204007138 1.2019900828599959 27.222894024103873 2.1921988688409373 1.4706389196217058 1.0760740637779225 5.4350754059851232 1.2269282527267904 14.130976080894468 107.54842443391681 1.6200619321316478 39.766990176867694
leaf_count=56 212 586 15 16 451 14 12 22 81 14 122 5463 47 2159
internal_value=-2.79967e-10 0.0042552 0.00634876 0.00841064 0.00489959 0.0140257 -0.0031278 0.00268902 0.00387694 0.0166657 0.0126737 -0.00287811 0.00751838 -0.00329625
internal_weight=255.42 102.862 67.1065 55.5586 35.3359 20.2227 2.67263 33.734 32.658 17.5501 15.3579 152.557 5.24199 147.315
internal_count=9270 1545 959 747 569 178 28 554 532 150 136 7725 103 7622
is_linear=0
shrinkage=0.05


end of trees

feature_importances:
rank_pct_20d=220
rank_pct_5d=203
rank_momentum_5d=137

parameters:
[boosting: gbdt]
[objective: lambdarank]
[metric: ndcg]
[tree_learner: serial]
[device_type: cpu]
[data_sample_strategy: bagging]
[data: ]
[valid: ]
[num_iterations: 40]
[learning_rate: 0.05]
[num_leaves: 15]
[num_threads: 1]
[seed: 20260720]
[deterministic: 1]
[force_col_wise: 1]
[force_row_wise: 0]
[histogram_pool_size: -1]
[max_depth: -1]
[min_data_in_leaf: 2]
[min_sum_hessian_in_leaf: 0.001]
[bagging_fraction: 1]
[pos_bagging_fraction: 1]
[neg_bagging_fraction: 1]
[bagging_freq: 0]
[bagging_seed: 843]
[bagging_by_query: 0]
[feature_fraction: 1]
[feature_fraction_bynode: 1]
[feature_fraction_seed: 57]
[extra_trees: 0]
[extra_seed: 8811]
[early_stopping_round: 0]
[early_stopping_min_delta: 0]
[first_metric_only: 0]
[max_delta_step: 0]
[lambda_l1: 0]
[lambda_l2: 1]
[linear_lambda: 0]
[min_gain_to_split: 0]
[drop_rate: 0.1]
[max_drop: 50]
[skip_drop: 0.5]
[xgboost_dart_mode: 0]
[uniform_drop: 0]
[drop_seed: 21666]
[top_rate: 0.2]
[other_rate: 0.1]
[min_data_per_group: 100]
[max_cat_threshold: 32]
[cat_l2: 10]
[cat_smooth: 10]
[max_cat_to_onehot: 4]
[top_k: 20]
[monotone_constraints: ]
[monotone_constraints_method: basic]
[monotone_penalty: 0]
[feature_contri: ]
[forcedsplits_filename: ]
[refit_decay_rate: 0.9]
[cegb_tradeoff: 1]
[cegb_penalty_split: 0]
[cegb_penalty_feature_lazy: ]
[cegb_penalty_feature_coupled: ]
[path_smooth: 0]
[interaction_constraints: ]
[verbosity: -1]
[saved_feature_importance_type: 0]
[use_quantized_grad: 0]
[num_grad_quant_bins: 4]
[quant_train_renew_leaf: 0]
[stochastic_rounding: 1]
[linear_tree: 0]
[max_bin: 255]
[max_bin_by_feature: ]
[min_data_in_bin: 3]
[bin_construct_sample_cnt: 200000]
[data_random_seed: 4432]
[is_enable_sparse: 1]
[enable_bundle: 1]
[use_missing: 1]
[zero_as_missing: 0]
[feature_pre_filter: 1]
[pre_partition: 0]
[two_round: 0]
[header: 0]
[label_column: ]
[weight_column: ]
[group_column: ]
[ignore_column: ]
[categorical_feature: ]
[forcedbins_filename: ]
[precise_float_parser: 0]
[parser_config_file: ]
[objective_seed: 7759]
[num_class: 1]
[is_unbalance: 0]
[scale_pos_weight: 1]
[sigmoid: 1]
[boost_from_average: 1]
[reg_sqrt: 0]
[alpha: 0.9]
[fair_c: 1]
[poisson_max_delta_step: 0.7]
[tweedie_variance_power: 1.5]
[lambdarank_truncation_level: 30]
[lambdarank_norm: 1]
[label_gain: 0,1,3,7,15]
[lambdarank_position_bias_regularization: 0]
[eval_at: 1,2,3,4,5]
[multi_error_top_k: 1]
[auc_mu_weights: ]
[num_machines: 1]
[local_listen_port: 12400]
[time_out: 120]
[machine_list_filename: ]
[machines: ]
[gpu_platform_id: -1]
[gpu_device_id: -1]
[gpu_use_dp: 0]
[num_gpu: 1]

end of parameters

pandas_categorical:null
