tree
version=v4
num_class=1
num_tree_per_iteration=1
label_index=0
max_feature_idx=17
objective=lambdarank
feature_names=momentum_1d momentum_3d momentum_5d momentum_10d momentum_20d volatility_5d volatility_20d drawdown_20d volume_change_5d amount_change_5d rank_pct_5d rank_pct_20d rank_momentum_5d market_return_1d market_return_5d market_breadth_1d market_dispersion_1d market_volatility_20d
feature_infos=[-0.10813718513007242:0.12229216739576731] [-0.18234825421959322:0.27465397817296533] [-0.25743860440229616:0.28092117351019485] [-0.27022648853672249:0.40351170424303073] [-0.28062547585271636:0.58906651566951895] [0.0012453562741035964:0.088373331352552278] [0.0039238631080082331:0.060188323905258592] [0.0043877162311911633:0.28987731592235633] [-0.70556637982934856:5.1127031970119425] [-0.70850366100994711:4.4775219112457263] [0:1] [0:1] [-1:0.97752808988764039] [-0.049585464134470299:0.036012358476607553] [-0.10116671736988472:0.054726216916397064] [0.022222222222222223:0.98888888888888893] [0.0079151013248990945:0.029086357152055337] [0.0039238631080082331:0.060188323905258592]
tree_sizes=894 891 897 891 892 895 895 890 893 893 894 896 897 893 893 892 890 893 896 900

Tree=0
num_leaves=7
num_cat=0
split_feature=11 7 3 6 14 11
split_gain=22.13 5.76484 3.69143 3.25643 2.98414 2.81393
threshold=0.76966292134831471 0.066272481937293917 0.02204332624525818 0.01795951711192775 -0.043531449693776002 0.26404494382022475
decision_type=2 2 2 2 2 2
left_child=1 5 3 -2 -4 -1
right_child=2 -3 4 -5 -6 -7
leaf_value=-0.04498062473094197 -0.019158567474573673 -0.0025811423079807033 -0.031218903867239481 0.022587154774139633 0.041719642344494226 -0.016350905405927013
leaf_weight=10.854793191421775 5.6174835921265212 98.474546305369586 0.77575071016326802 15.716555533464996 29.539912957698107 40.556178914383054
leaf_count=598 330 4632 40 660 1133 1877
internal_value=3.06241e-10 -0.00973901 0.0279104 0.0112294 0.0389159 -0.0231386
internal_weight=201.535 149.886 51.6497 21.334 30.3157 51.411
internal_count=9270 7107 2163 990 1173 2475
is_linear=0
shrinkage=0.05


Tree=1
num_leaves=7
num_cat=0
split_feature=11 5 4 6 10 7
split_gain=52.3696 17.6356 15.7611 10.9478 11.8988 9.53003
threshold=0.76966292134831471 0.014951632126243142 0.19398772866322536 0.025614282555239589 0.29775280898876411 0.052831062812136183
decision_type=2 2 2 2 2 2
left_child=1 -1 3 -2 -5 -4
right_child=2 -3 5 4 -6 -7
leaf_value=-0.030511527388765964 0.0033757118923055975 -0.002171509627241408 0.063347010824089278 -0.017666730748266021 0.038661356968355841 0.0036799078884262311
leaf_weight=119.40097009483725 147.73938944516703 101.19797030929476 24.201283441856503 10.870801297947763 49.926236898638308 9.286955973133443
leaf_count=4280 1556 2827 104 105 322 76
internal_value=3.27016e-10 -0.0175792 0.0160294 0.0107917 0.0284667 0.0473866
internal_weight=462.624 220.599 242.025 208.536 60.797 33.4882
internal_count=9270 7107 2163 1983 427 180
is_linear=0
shrinkage=0.05


Tree=2
num_leaves=7
num_cat=0
split_feature=11 5 8 11 2 14
split_gain=58.5134 26.4133 13.1577 11.4097 7.19807 6.32003
threshold=0.79213483146067432 0.014951632126243142 0.41918664732613414 0.94943820224719111 -0.060612533429444997 -0.043531449693776002
decision_type=2 2 2 2 2 2
left_child=1 -1 3 -2 -5 -6
right_child=2 -3 -4 4 5 -7
leaf_value=-0.036580034722491099 0.014254455756868617 -0.0021242597149320826 -0.0094102325734021896 -0.027493278747014474 -0.023784123626227251 0.047779837727213351
leaf_weight=99.485387789085507 100.20114616304636 124.87290501594543 32.255610411055386 3.0215401966124764 2.667889147065579 62.025001284666359
leaf_count=4376 1243 2937 290 33 31 360
internal_value=-9.32403e-12 -0.0174972 0.0196009 0.0251965 0.0409451 0.0445115
internal_weight=424.529 224.358 200.171 167.916 67.7144 64.6929
internal_count=9270 7313 1957 1667 424 391
is_linear=0
shrinkage=0.05


Tree=3
num_leaves=7
num_cat=0
split_feature=11 5 14 11 9 4
split_gain=58.5607 24.8094 12.3669 10.192 8.84049 7.59429
threshold=0.8370786516853933 0.015090917995118362 -0.043531449693776002 0.94943820224719111 0.66181446213705097 0.030556875292749756
decision_type=2 2 2 2 2 2
left_child=1 -1 -2 -4 5 -5
right_child=2 -3 3 4 -6 -7
leaf_value=-0.034468571125903076 -0.032104420023101508 -0.0018174349189996331 0.012939013310708092 -0.024269877405898449 -0.021272490221538029 0.046608451290976953
leaf_weight=101.64361527888104 8.8842284181155247 134.57073826203123 77.785377674736083 3.3991913776844731 5.1677842885255805 70.237383432686329
leaf_count=4634 120 3091 950 38 56 381
internal_value=7.83298e-11 -0.0159534 0.0227325 0.0260277 0.0386231 0.0430552
internal_weight=401.688 236.214 165.474 156.59 78.8044 73.6366
internal_count=9270 7725 1545 1425 475 419
is_linear=0
shrinkage=0.05


Tree=4
num_leaves=7
num_cat=0
split_feature=11 6 5 1 8 3
split_gain=51.617 16.6215 7.67856 7.40232 7.49837 6.83302
threshold=0.88202247191011252 0.013829987631713088 0.014740557502135401 -0.060135989332393107 0.31376516151077433 0.11204182192468339
decision_type=2 2 2 2 2 2
left_child=1 -1 5 -4 -5 -2
right_child=2 -3 3 4 -6 -7
leaf_value=-0.035818992624633762 -0.015545908484702168 -0.0057942924788988567 -0.035238176061024848 0.041386873694370337 0.0048329116003385389 0.036534835300290634
leaf_weight=58.898959017824382 17.786354955751452 202.40309910522774 3.1356209693476549 79.387523109093308 17.341761191841215 8.4771924503147584
leaf_count=2794 243 5343 40 597 195 58
internal_value=-1.85671e-10 -0.0126728 0.0261475 0.0324186 0.0349499 0.00198788
internal_weight=387.431 261.302 126.128 99.8649 96.7293 26.2635
internal_count=9270 8137 1133 832 792 301
is_linear=0
shrinkage=0.05


Tree=5
num_leaves=7
num_cat=0
split_feature=11 5 14 11 5 8
split_gain=44.5478 15.8941 13.2561 10.7195 6.94288 6.00032
threshold=0.89325842696629221 0.015090917995118362 -0.043531449693776002 0.80337078651685401 0.010649446260398689 0.38618836064598011
decision_type=2 2 2 2 2 2
left_child=1 3 -2 -1 -4 -6
right_child=2 -3 4 -5 5 -7
leaf_value=-0.034212470999099569 -0.046941890808448468 -0.0015315241462787227 -0.022540594914651508 0.0082498067186588236 0.037052731570761756 0.00043192922163191085
leaf_weight=83.52143069030717 5.0725631369277826 159.38399959076196 5.3623105660080901 17.618806014768779 90.929548257961869 12.762172669172285
leaf_count=4481 80 3406 84 353 699 167
internal_value=-3.05413e-10 -0.011409 0.0259168 -0.0268071 0.0297015 0.0325927
internal_weight=374.651 260.524 114.127 101.14 109.054 103.692
internal_count=9270 8240 1030 4834 950 866
is_linear=0
shrinkage=0.05


Tree=6
num_leaves=7
num_cat=0
split_feature=11 6 14 5 8 5
split_gain=40.9664 14.9144 8.04077 5.92472 5.24253 5.47805
threshold=0.89325842696629221 0.013829987631713088 -0.043531449693776002 0.02208106354372321 0.34725465674149408 0.015767968676390947
decision_type=2 2 2 2 2 2
left_child=1 -1 -2 -3 5 -4
right_child=2 3 4 -5 -6 -7
leaf_value=-0.034759466043764113 -0.042385524313164807 -0.010326922515393761 0.0094396221957598978 0.0078220871054497567 -0.00011843148692916178 0.03941915650348074
leaf_weight=50.774848208297044 3.3117048963904372 145.08772109798156 20.402278048917651 64.107603687793016 13.942487424239514 69.562635168433189
leaf_count=2802 80 4233 248 1205 201 501
internal_value=3.7214e-10 -0.0107255 0.0258644 -0.00475443 0.028423 0.0327989
internal_weight=367.189 259.97 107.219 209.195 103.907 89.9649
internal_count=9270 8240 1030 5438 950 749
is_linear=0
shrinkage=0.05


Tree=7
num_leaves=7
num_cat=0
split_feature=11 5 4 6 10 5
split_gain=38.7092 13.6177 8.35133 5.85939 6.60685 5.62319
threshold=0.79213483146067432 0.015090917995118362 0.16706649897786965 0.025614282555239589 0.29775280898876411 0.046177153296566818
decision_type=2 2 2 2 2 2
left_child=1 -1 3 -2 -5 -6
right_child=2 -3 -4 4 5 -7
leaf_value=-0.030875356150669966 0.0038006877595022533 -0.0040447544975276851 0.038496139008873623 -0.019267940204341374 0.039581944096430233 -0.050736272032341434
leaf_weight=77.835768186021596 79.958279815036803 119.08884811401367 38.167640070896596 5.8650152171030632 32.784468765370548 0.9841405414044847
leaf_count=4431 1326 2882 252 93 276 10
internal_value=2.4828e-10 -0.0147521 0.0183914 0.011709 0.0271773 0.0355662
internal_weight=354.684 196.925 157.76 119.592 39.6336 33.7686
internal_count=9270 7313 1957 1705 379 286
is_linear=0
shrinkage=0.05


Tree=8
num_leaves=7
num_cat=0
split_feature=11 6 5 5 1 8
split_gain=32.5355 10.9145 5.13274 4.44488 4.13822 4.35493
threshold=0.88202247191011252 0.013829987631713088 0.02208106354372321 0.011424331283871535 -0.060135989332393107 1.3133771006012223
decision_type=2 2 2 2 2 2
left_child=1 -1 -3 -2 -5 -6
right_child=3 2 -4 4 5 -7
leaf_value=-0.031811192600963642 -0.013522232723147504 -0.010904980545362529 0.0062963952869826995 -0.02983650963654455 0.028342566863935454 -0.034557987199456297
leaf_weight=46.694895733613521 7.4306152013596138 125.68804036825895 65.136378804221749 2.5463486826047292 98.021485553123057 2.0201525688171378
leaf_count=2794 135 4176 1167 44 923 31
internal_value=-2.06471e-10 -0.0104073 -0.00503121 0.0223597 0.0250641 0.026743
internal_weight=347.538 237.519 190.824 110.019 102.588 100.042
internal_count=9270 8137 5343 1133 998 954
is_linear=0
shrinkage=0.05


Tree=9
num_leaves=7
num_cat=0
split_feature=11 5 14 0 1 5
split_gain=28.1454 11.8777 6.15361 5.35098 4.16283 3.7665
threshold=0.8370786516853933 0.015090917995118362 -0.043531449693776002 -0.025638539572658655 -0.060135989332393107 0.014740557502135401
decision_type=2 2 2 2 2 2
left_child=1 -1 3 -2 -4 -6
right_child=2 -3 4 -5 5 -7
leaf_value=-0.0261080743130018 0.02533421465953873 -0.0017566935649090604 -0.03117847494172972 -0.057237879489853295 0.0048483380427685697 0.026527926381124778
leaf_weight=81.997978762257844 2.4750952054746449 126.63769511412829 2.9479893893003455 4.0199375187512478 25.867329433560371 96.378883560188115
leaf_count=4634 33 3091 48 87 427 950
internal_value=-7.18706e-11 -0.0114062 0.0180206 -0.0265898 0.0205273 0.0220171
internal_weight=340.325 208.636 131.689 6.49503 125.194 122.246
internal_count=9270 7725 1545 120 1425 1377
is_linear=0
shrinkage=0.05


Tree=10
num_leaves=7
num_cat=0
split_feature=11 5 4 6 2 5
split_gain=26.5353 9.51519 4.07623 5.54276 7.59522 4.17781
threshold=0.8370786516853933 0.015090917995118362 0.16706649897786965 0.027166307926354629 -0.0068726358941044166 0.023707031038974934
decision_type=2 2 2 2 2 2
left_child=1 -1 3 -2 -5 -4
right_child=2 -3 5 4 -6 -7
leaf_value=-0.024545512967921221 0.0039340202560479735 -0.0025492313845834631 0.049097321587406012 -0.010466442943673052 0.047483129374338427 0.014826487136565567
leaf_weight=79.365579177625477 65.332602615701035 127.32687349850312 17.214871818199754 7.525219515431675 18.471609973348677 19.851180571131408
leaf_count=4634 1047 3091 125 95 151 127
internal_value=-7.51529e-11 -0.0110729 0.017773 0.0118738 0.0309423 0.0316148
internal_weight=335.088 206.692 128.395 91.3294 25.9968 37.0661
internal_count=9270 7725 1545 1293 246 252
is_linear=0
shrinkage=0.05


Tree=11
num_leaves=7
num_cat=0
split_feature=11 7 4 14 9 5
split_gain=22.904 9.11782 4.25518 3.96739 3.89464 3.61845
threshold=0.78089887640449451 0.066757675632158744 0.15112976239453493 -0.035833375522273836 0.46871978422293453 0.014951632126243142
decision_type=2 2 2 2 2 2
left_child=1 -1 -2 -4 -5 -3
right_child=2 5 3 4 -6 -7
leaf_value=-0.030388244414390725 0.0093094791531664924 -0.018779142626130937 -0.025347366778720737 0.037860452538592042 -0.011999911477580477 -0.00028880449599900048
leaf_weight=47.261646401602775 105.63215884752572 34.686782976146787 2.4876082637347272 33.908893346786499 3.943715324625372 102.44902612920851
leaf_count=2549 1737 2220 27 244 52 2441
internal_value=2.7024e-10 -0.0116864 0.0147418 0.0283971 0.0324905 -0.00506779
internal_weight=330.37 184.397 145.972 40.3402 37.8526 137.136
internal_count=9270 7210 2060 323 296 4661
is_linear=0
shrinkage=0.05


Tree=12
num_leaves=7
num_cat=0
split_feature=11 7 4 6 12 5
split_gain=20.1263 7.91994 4.17982 3.52465 4.99325 4.04977
threshold=0.79213483146067432 0.066757675632158744 0.15112976239453493 0.025614282555239589 -0.48876404494382014 0.046177153296566818
decision_type=2 2 2 2 2 2
left_child=1 -1 3 -2 -5 -6
right_child=2 -3 -4 4 5 -7
leaf_value=-0.028519303999073761 0.0017806138059015106 -0.0047669759986413828 0.027609430459290398 -0.017175543617818968 0.034007437734895368 -0.046562533522420069
leaf_weight=46.275116947013885 66.654089796124026 138.39611459290609 40.275155660696328 6.1940160808153442 27.236150207929317 0.80350848659872909
leaf_count=2601 1271 4712 321 102 253 10
internal_value=1.24148e-10 -0.0108404 0.0141581 0.0085699 0.0213631 0.0301747
internal_weight=325.834 184.671 141.163 100.888 34.2337 28.0397
internal_count=9270 7313 1957 1636 365 263
is_linear=0
shrinkage=0.05


Tree=13
num_leaves=7
num_cat=0
split_feature=11 5 8 6 14 13
split_gain=16.9176 7.38142 3.69734 3.27034 3.03593 4.4113
threshold=0.8370786516853933 0.015090917995118362 1.3133771006012223 0.013207914920603135 -0.043531449693776002 -0.025805871524601877
decision_type=2 2 2 2 2 2
left_child=1 -1 3 -2 5 -5
right_child=2 -3 -4 4 -6 -7
leaf_value=-0.021270592833751427 -0.030055240984487343 -0.0014566260321062668 -0.037964520466190338 0.032718312343406962 0.019154946006644719 -0.043391993123665096
leaf_weight=74.921123483916745 2.8886154633946708 123.83285401016474 2.351141493767499 2.2056044694036245 111.17938375845551 3.9053312670439473
leaf_count=4634 74 3091 42 27 1316 86
internal_value=1.92464e-10 -0.00899467 0.0145448 0.0158769 0.0172526 -0.0151837
internal_weight=321.284 198.754 122.53 120.179 117.29 6.11094
internal_count=9270 7725 1545 1503 1429 113
is_linear=0
shrinkage=0.05


Tree=14
num_leaves=7
num_cat=0
split_feature=11 5 8 2 6 7
split_gain=15.464 6.67632 3.388 4.76977 3.4094 3.60538
threshold=0.8370786516853933 0.015090917995118362 0.41918664732613414 0.057296835900012895 0.019963903022355154 0.052831062812136183
decision_type=2 2 2 2 2 2
left_child=1 -1 3 4 5 -2
right_child=2 -3 -4 -5 -6 -7
leaf_value=-0.020486049709526416 -0.020754970979984657 -0.0015280913169179193 -0.0071861763270448771 0.035545796252965209 0.017419705684874009 0.018669996634805345
leaf_weight=72.862962106941268 13.741428851382809 125.56767773488536 15.697756598703561 26.011184837669134 56.00377822574228 8.6087377709336561
leaf_count=4634 257 3091 257 226 656 149
internal_value=-6.16784e-11 -0.0085572 0.0140965 0.0173355 0.0109185 -0.00542021
internal_weight=318.494 198.431 120.063 104.365 78.3539 22.3502
internal_count=9270 7725 1545 1288 1062 406
is_linear=0
shrinkage=0.05


Tree=15
num_leaves=7
num_cat=0
split_feature=11 14 6 9 14 5
split_gain=13.9938 6.6984 6.04513 3.48268 3.80529 3.56151
threshold=0.89325842696629221 -0.043531449693776002 0.013829987631713088 1.1140212074060301 0.013257522763930864 0.014740557502135401
decision_type=2 2 2 2 2 2
left_child=2 -2 -1 5 -5 -3
right_child=1 3 -4 4 -6 -7
leaf_value=-0.02386739828432273 -0.046147351938607896 -0.0013638342614004911 -0.0028118150163553655 -0.063732173091587102 0.019997800080766393 0.025677710318654724
leaf_weight=41.040012903744355 3.1948364519048473 14.541450457647441 182.15239792503417 1.7106497772037976 2.0013839658349752 70.886765401810408
leaf_count=2802 80 245 5438 28 21 656
internal_value=1.96381e-10 0.016268 -0.00677265 0.0189921 -0.0239248 0.0211122
internal_weight=315.527 92.3351 223.192 89.1402 3.71203 85.4282
internal_count=9270 1030 8240 950 49 901
is_linear=0
shrinkage=0.05


Tree=16
num_leaves=7
num_cat=0
split_feature=11 5 14 5 10 8
split_gain=14.0493 5.55082 4.07304 3.18461 2.90247 2.97189
threshold=0.89325842696629221 0.010999566093273546 -0.043531449693776002 0.010649446260398689 0.050561797752808994 0.38618836064598011
decision_type=2 2 2 2 2 2
left_child=1 -1 -2 -4 -5 -6
right_child=2 -3 3 4 5 -7
leaf_value=-0.021623476107352969 -0.036816926863492604 -0.0025432466193311353 -0.022219929466865532 -0.017935665112905039 0.02659125208741607 -0.0015221406349956953
leaf_weight=47.797490124590695 2.541301103658042 175.764133652905 3.7636972386389962 3.9102455191314212 68.455527629703283 10.750555288046597
leaf_count=2814 80 5426 84 54 646 166
internal_value=-1.92347e-10 -0.00670073 0.0166413 0.0186061 0.020697 0.022804
internal_weight=312.983 223.562 89.4213 86.88 83.1163 79.2061
internal_count=9270 8240 1030 950 866 812
is_linear=0
shrinkage=0.05


Tree=17
num_leaves=7
num_cat=0
split_feature=11 5 11 5 3 1
split_gain=14.21 6.41665 2.67459 2.66381 3.16206 2.64945
threshold=0.89325842696629221 0.010999566093273546 0.75842696629213491 0.014740557502135401 0.10581963769606585 -0.016805556216228697
decision_type=2 2 2 2 2 2
left_child=1 2 -1 4 -2 -5
right_child=3 -3 -4 5 -6 -7
leaf_value=-0.028734048965539705 -0.018440893808103029 -0.002334491278241715 0.0023852159627007711 0.0016139154537995332 0.027312585235596105 0.025588494949372872
leaf_weight=37.419381231302395 9.676610700436866 177.5485452413559 8.2393287448212487 14.492628971813245 4.8489839173853388 58.044433597940952
leaf_count=2534 210 5426 280 183 62 575
internal_value=1.00466e-11 -0.00668456 -0.0231877 0.0170189 -0.00239188 0.0208855
internal_weight=310.27 223.207 45.6587 87.0627 14.5256 72.5371
internal_count=9270 8240 2814 1030 272 758
is_linear=0
shrinkage=0.05


Tree=18
num_leaves=7
num_cat=0
split_feature=11 5 5 1 11 8
split_gain=12.4491 5.82089 2.45034 2.46028 2.43425 2.39037
threshold=0.89325842696629221 0.010899567945764573 0.011424331283871535 -0.060135989332393107 0.75842696629213491 0.31376516151077433
decision_type=2 2 2 2 2 2
left_child=1 4 -2 -4 -1 -5
right_child=2 -3 3 5 -6 -7
leaf_value=-0.028059473887841205 -0.014962047372732663 -0.00224677033791454 -0.028917023825105873 0.023481040185687745 0.0022669300091100624 0.00035923142599843017
leaf_weight=35.144378419732675 5.2571140899090087 178.49323757877573 1.8483649054542173 65.778519210871309 7.9254292743280521 13.462849127128719
leaf_count=2471 122 5497 39 664 272 205
internal_value=4.16759e-10 -0.00627795 0.0159964 0.0181613 -0.0225542 0.0196062
internal_weight=307.91 221.563 86.3468 81.0897 43.0698 79.2414
internal_count=9270 8240 1030 908 2743 869
is_linear=0
shrinkage=0.05


Tree=19
num_leaves=7
num_cat=0
split_feature=11 7 11 5 5 6
split_gain=10.6746 6.38258 2.76987 3.00496 3.39762 3.15166
threshold=0.79213483146067432 0.068689610146064964 0.98314606741573041 0.034822836431848934 0.017144584946818097 0.017413974783175103
decision_type=2 2 2 2 2 2
left_child=1 -1 3 4 -2 -6
right_child=2 -3 -4 -5 5 -7
leaf_value=-0.024068625962487496 -0.0019236256630070425 -0.002353350192956522 0.025824499078948265 -0.025959064284997627 -0.018708884863572799 0.020802468836413429
leaf_weight=44.203991595422849 38.830783597193658 135.62931248429231 24.767362658283673 5.4344185767695299 4.8094738670624784 51.707447216147557
leaf_count=2688 836 4625 206 90 104 721
internal_value=-3.39107e-10 -0.00779466 0.0111382 0.00731077 0.00945676 0.0171733
internal_weight=305.383 179.833 125.549 100.782 95.3477 56.5169
internal_count=9270 7313 1957 1751 1661 825
is_linear=0
shrinkage=0.05


end of trees

feature_importances:
volatility_5d=29
rank_pct_20d=27
volatility_20d=12
market_return_5d=11
volume_change_5d=9
momentum_20d=6
drawdown_20d=6
momentum_3d=5
momentum_5d=3
momentum_10d=3
amount_change_5d=3
rank_pct_5d=3
momentum_1d=1
rank_momentum_5d=1
market_return_1d=1

parameters:
[boosting: gbdt]
[objective: lambdarank]
[metric: ndcg]
[tree_learner: serial]
[device_type: cpu]
[data_sample_strategy: bagging]
[data: ]
[valid: ]
[num_iterations: 20]
[learning_rate: 0.05]
[num_leaves: 7]
[num_threads: 1]
[seed: 20260720]
[deterministic: 1]
[force_col_wise: 1]
[force_row_wise: 0]
[histogram_pool_size: -1]
[max_depth: -1]
[min_data_in_leaf: 2]
[min_sum_hessian_in_leaf: 0.001]
[bagging_fraction: 1]
[pos_bagging_fraction: 1]
[neg_bagging_fraction: 1]
[bagging_freq: 0]
[bagging_seed: 843]
[bagging_by_query: 0]
[feature_fraction: 1]
[feature_fraction_bynode: 1]
[feature_fraction_seed: 57]
[extra_trees: 0]
[extra_seed: 8811]
[early_stopping_round: 0]
[early_stopping_min_delta: 0]
[first_metric_only: 0]
[max_delta_step: 0]
[lambda_l1: 0]
[lambda_l2: 1]
[linear_lambda: 0]
[min_gain_to_split: 0]
[drop_rate: 0.1]
[max_drop: 50]
[skip_drop: 0.5]
[xgboost_dart_mode: 0]
[uniform_drop: 0]
[drop_seed: 21666]
[top_rate: 0.2]
[other_rate: 0.1]
[min_data_per_group: 100]
[max_cat_threshold: 32]
[cat_l2: 10]
[cat_smooth: 10]
[max_cat_to_onehot: 4]
[top_k: 20]
[monotone_constraints: ]
[monotone_constraints_method: basic]
[monotone_penalty: 0]
[feature_contri: ]
[forcedsplits_filename: ]
[refit_decay_rate: 0.9]
[cegb_tradeoff: 1]
[cegb_penalty_split: 0]
[cegb_penalty_feature_lazy: ]
[cegb_penalty_feature_coupled: ]
[path_smooth: 0]
[interaction_constraints: ]
[verbosity: -1]
[saved_feature_importance_type: 0]
[use_quantized_grad: 0]
[num_grad_quant_bins: 4]
[quant_train_renew_leaf: 0]
[stochastic_rounding: 1]
[linear_tree: 0]
[max_bin: 255]
[max_bin_by_feature: ]
[min_data_in_bin: 3]
[bin_construct_sample_cnt: 200000]
[data_random_seed: 4432]
[is_enable_sparse: 1]
[enable_bundle: 1]
[use_missing: 1]
[zero_as_missing: 0]
[feature_pre_filter: 1]
[pre_partition: 0]
[two_round: 0]
[header: 0]
[label_column: ]
[weight_column: ]
[group_column: ]
[ignore_column: ]
[categorical_feature: ]
[forcedbins_filename: ]
[precise_float_parser: 0]
[parser_config_file: ]
[objective_seed: 7759]
[num_class: 1]
[is_unbalance: 0]
[scale_pos_weight: 1]
[sigmoid: 1]
[boost_from_average: 1]
[reg_sqrt: 0]
[alpha: 0.9]
[fair_c: 1]
[poisson_max_delta_step: 0.7]
[tweedie_variance_power: 1.5]
[lambdarank_truncation_level: 30]
[lambdarank_norm: 1]
[label_gain: 0,1,3,7,15]
[lambdarank_position_bias_regularization: 0]
[eval_at: 1,2,3,4,5]
[multi_error_top_k: 1]
[auc_mu_weights: ]
[num_machines: 1]
[local_listen_port: 12400]
[time_out: 120]
[machine_list_filename: ]
[machines: ]
[gpu_platform_id: -1]
[gpu_device_id: -1]
[gpu_use_dp: 0]
[num_gpu: 1]

end of parameters

pandas_categorical:null
