tree
version=v4
num_class=1
num_tree_per_iteration=1
label_index=0
max_feature_idx=33
objective=lambdarank
feature_names=momentum_1d momentum_3d momentum_5d momentum_10d momentum_20d ma5_distance ma10_distance ma20_distance volume_ratio_5_20 log_avg_amount_5d volatility_5d volatility_20d max_drawdown_20d pe pb log_market_cap pe_sector_relative pb_sector_relative market_cap_sector_percentile sector_trend_score sector_burst_score sector_direction_score linkage_comovement_20d linkage_relative_strength_5d linkage_relative_strength_10d linkage_weight linkage_fund_flow linkage_data_quality data_quality_score factor_coverage missing_valuation missing_sector_context missing_linkage missing_amount
feature_infos=[0.0018726591760298561:0.0019267822736031004] [0.005639097744360777:0.0058027079303675233] [0.0094339622641508303:0.0097087378640776656] [0.01904761904761898:0.019607843137255054] [0.03883495145631044:0.040000000000000036] [0.0037523452157597337:0.0038610038610038533] [0.008482563619226946:0.0087293889427741966] [0.018078020932445149:0.018609206660137101] [1.0049164208456245:1.0074220682830282] [16.135935667318474:16.545322316079567] [4.9968696984281103e-06:5.2910342574254095e-06] [2.0966206799190984e-05:2.2219247532456604e-05] none [10:15] [1:1.5] [4.6151205168412597:5.3033049080590757] none none none none none none none none none none none none none none none none none none
tree_sizes=1731 1713 1706 1723 1708

Tree=0
num_leaves=15
num_cat=0
split_feature=8 0 0 1 1 0 11 9 8 8 9 0 8 8
split_gain=1.6231 0.858633 0.537914 0.655463 0.466518 0.407952 0.242223 0.0732882 0.393986 0.0627664 0.152527 0.0557667 0.0240721 0.0296622
threshold=1.0073170749118563 0.0018885758105361419 0.0018885758105361419 0.0058027079303674131 0.0056603773584905656 0.0018779359280001187 2.0966206799211401e-05 16.315716242919869 1.006744605680147 1.0052779739117292 16.53976215021552 0.0019212313598110378 1.006132462186075 1.0066725991851595
decision_type=2 2 2 2 2 2 2 2 2 2 2 2 2 2
left_child=2 5 4 7 6 -2 -1 8 -4 10 -9 -3 -6 -14
right_child=1 11 3 -5 12 -7 -8 9 -10 -11 -12 -13 13 -15
leaf_value=-0.010658763492214519 -0.015675742699630429 -0.047299029081112415 -0.014348724918132503 -0.016697843904540047 -0.027746815084965421 0.025846462634485895 0.02081608558169324 -0.0084172087350574219 0.024000484809465029 0.039944391974406683 0.016748974852154083 -0.0017938563621537303 0.0056628989373081603 -0.0061604504754967197
leaf_weight=0.20174216106533982 0.18589837849140156 1.141146548092365 0.43633427843451578 0.2004491202533244 0.38402203470468521 0.34855333343148232 0.70578834367915988 0.34056677483022246 0.31579786725342274 1.5931811677291987 0.20118640968576074 0.15338366478681553 0.060028333216905594 0.065648764371871948
leaf_count=3 1 9 9 4 7 3 12 6 2 30 4 2 2 2
internal_value=9.52438e-10 -0.0307806 0.0158187 0.0252826 -0.00672898 0.0106002 0.0118995 0.0317432 0.00626107 0.0358597 0.00573037 -0.0450389 -0.0258093 -0.000499293
internal_weight=6.33373 1.82898 4.50475 3.08752 1.41723 0.534452 0.907531 2.88707 0.752132 2.13493 0.541753 1.29453 0.509699 0.125677
internal_count=96 15 81 55 26 4 15 51 11 40 10 11 11 4
is_linear=0
shrinkage=0.05


Tree=1
num_leaves=15
num_cat=0
split_feature=8 0 10 11 1 10 0 10 8 1 11 8 0 0
split_gain=7.01565 3.36685 5.0594 2.51369 2.10693 7.21143 3.18107 5.40041 1.98323 1.46269 6.98259 1.53155 1.85308 1.23953
threshold=1.0061475420161823 0.0018867924528301885 5.1115185979673274e-06 2.0966206799211401e-05 0.0057915057915057808 5.2301590459437496e-06 0.0019047619047619648 5.1310098848567445e-06 1.0073601587887449 0.0056925996204934002 2.128977920886856e-05 1.0052668545819232 0.0018744158919550282 0.0019047619047619648
decision_type=2 2 2 2 2 2 2 2 2 2 2 2 2 2
left_child=4 3 -3 -2 5 6 7 9 13 10 11 12 -1 -4
right_child=1 2 8 -5 -6 -7 -8 -9 -10 -11 -12 -13 -14 -15
leaf_value=-0.032761602689684213 -0.024264529698836343 -0.057502374638573509 0.060492541317548471 0.07029506349535157 -0.06201214668611589 0.056363243595983631 -0.070116398674902256 0.053512359098478263 -0.031269768332296798 -0.052744996828396368 0.048123667416122951 -0.057586621372397784 0.038906604691203411 0.016533740680731022
leaf_weight=1.0072059333324483 0.32513040304183904 1.4442565143108357 1.5638507865369282 3.5315108448266983 1.7256813645362843 2.1932802572846404 2.3580353856086722 1.5717048346996296 0.74700255319476205 2.8714209459722042 2.2818929851055145 3.5120185501873493 0.6382515113800763 7.9929256066679955
leaf_count=2 1 5 6 8 4 7 7 7 9 6 5 12 4 13
internal_value=-2.83971e-10 0.0237879 0.00851909 0.0589686 -0.0206159 -0.0129613 -0.0266362 -0.0132347 0.0220415 -0.0272407 -0.0123132 -0.0425259 -0.000763754 0.0287759
internal_weight=33.7642 15.6047 11.748 3.85664 18.1595 16.4338 14.2405 11.8825 10.3038 10.3108 7.43937 5.15748 1.64546 9.55678
internal_count=96 42 33 9 54 50 43 36 28 29 23 18 6 19
is_linear=0
shrinkage=0.05


Tree=2
num_leaves=15
num_cat=0
split_feature=13 9 11 0 10 7 0 3 9 8 8 0 0 11
split_gain=4.30111 3.52865 3.0108 3.31367 4.21128 1.52951 3.3385 2.72179 1.79275 2.58005 1.14373 0.704033 0.506044 0.479942
threshold=14.500000000000002 16.318175260763876 2.2219247532443627e-05 0.0018867924528301885 5.0157082957735776e-06 0.018428709990300777 0.0019047619047619648 0.019569471624266147 16.402898587156965 1.0052668545819232 1.0061932297923506 0.0018885758105361419 0.0018957363003853092 2.128977920886856e-05
decision_type=2 2 2 2 2 2 2 2 2 2 2 2 2 2
left_child=1 2 3 4 -1 6 8 -7 13 -10 -5 -11 -13 -3
right_child=-2 5 -4 10 -6 7 -8 -9 9 11 -12 12 -14 -15
leaf_value=-0.035703773610888362 -0.045286144654388814 0.0047574158578982933 0.036938461174596544 -0.00060797424998787573 0.056638066923925291 0.063368660104110436 -0.048155093636534502 -0.02766952026161671 0.044775167464610896 -0.046628019719812043 -0.058418022672754789 0.024088722191218773 -0.016697730798721538 0.052381660461665029
leaf_weight=1.4974346756935175 3.3673230484127989 0.86383496969938134 1.5151102542877195 1.0683473274111746 1.506610609591007 3.3133328333497052 0.98298685252666462 0.41476339101791371 0.8165996074676517 1.1239321641623976 3.7710868939757347 0.34223765134811379 0.75898416340351105 2.8032812476158142
leaf_count=3 16 5 2 3 6 10 3 2 2 7 22 2 3 10
internal_value=1.62962e-10 0.00908138 -0.0129621 -0.0256882 0.0131871 0.0267351 0.0112593 0.0495304 0.0250821 -0.00364556 -0.0479456 -0.0297887 0.00140954 0.0445863
internal_weight=24.1459 20.7785 9.35859 7.84348 3.00405 11.42 7.69186 3.7281 6.70887 3.04175 4.83943 2.22515 1.10122 3.66712
internal_count=96 80 36 34 9 44 32 12 29 14 25 12 5 15
is_linear=0
shrinkage=0.05


Tree=3
num_leaves=15
num_cat=0
split_feature=1 11 6 7 8 7 10 1 11 5 11 1 8 0
split_gain=2.18127 2.52921 1.18169 1.78732 1.9918 1.62931 1.42574 1.71279 2.23259 1.86058 1.26756 0.918461 0.821553 0.947672
threshold=0.0058027079303674131 2.2132259511181418e-05 0.0086788813886210531 0.018428709990300777 1.0067264587517262 0.018393030009680515 5.1310098848567445e-06 0.0056925996204934002 2.128977920886856e-05 0.0037523452157598451 2.2045781374185542e-05 0.0057915057915057808 1.0052668545819232 0.0018744158919550282
decision_type=2 2 2 2 2 2 2 2 2 2 2 2 2 2
left_child=1 2 3 5 -5 6 7 8 9 -1 -4 -12 13 -11
right_child=-2 -3 10 4 -6 -7 -8 -9 -10 12 11 -13 -14 -15
leaf_value=0.030236076380630361 -0.048594973928082742 0.053602114534124425 -0.047518145918246428 0.052003736926214586 -0.026252825330873628 -0.040228540848096357 0.040078792922835949 -0.032886421420294819 0.044832974946834102 -0.02475915559201505 0.027832152876827498 -0.025795261669114736 -0.035558942397194593 0.033468937729899395
leaf_weight=1.2308348566293803 1.0906243473291386 1.3683549463748921 1.5042825639247888 2.187053263187408 0.40872001647949208 1.5278258472681034 1.2398438006639469 2.4881883263587952 1.8627675324678419 0.34618118405342135 0.95227236300706841 0.3942185640335083 2.9525805711746216 0.53075347095727921
leaf_count=4 5 4 6 8 4 6 13 11 6 1 5 1 18 4
internal_value=-1.04243e-09 0.00508125 -0.00136131 0.00477169 0.0358075 -0.00405826 0.00413754 -0.00399212 0.00923259 -0.00910764 -0.0261317 0.00782944 -0.0253953 0.0095381
internal_weight=20.0845 18.9939 17.6255 14.7747 2.59577 12.179 10.6511 9.41131 6.92312 5.06035 2.85077 1.34649 3.82952 0.876935
internal_count=96 91 87 75 12 63 57 44 33 27 12 6 23 5
is_linear=0
shrinkage=0.05


Tree=4
num_leaves=15
num_cat=0
split_feature=1 10 8 0 9 11 8 11 2 8 2 9 0 7
split_gain=1.55128 1.77929 1.37687 3.68129 1.65618 1.77347 2.57458 0.982313 0.77382 0.848814 0.711003 0.302292 0.491565 0.153736
threshold=0.0058027079303674131 5.2706249606539246e-06 1.0061932297923506 0.0018867924528301885 16.535818668106327 2.128977920886856e-05 1.0052668545819232 2.0966206799211401e-05 0.0096711798839458369 1.005289140290903 0.009433962264150943 16.53976215021552 0.0018885758105361419 0.018428709990300777
decision_type=2 2 2 2 2 2 2 2 2 2 2 2 2 2
left_child=1 2 4 7 5 6 -1 -4 9 -7 -8 -6 -13 -11
right_child=-2 -3 3 -5 11 8 10 -9 -10 13 -12 12 -14 -15
leaf_value=0.03801507833159741 -0.042647094424822021 0.047259013924716861 -0.020871367052407549 -0.050927984386789166 -0.034223589156624101 -0.0083772613965623702 0.012489237957962751 0.036573649732310989 -0.014710952767524666 0.020518109696579457 -0.049033100831616522 -0.018062383288056611 0.022715538079370223 0.052042367057138661
leaf_weight=0.70226457715035051 0.92659208178520103 1.149211961776017 0.29055023193359319 2.8555052876472473 1.166025206446647 0.66237419843673695 0.1501382142305373 1.7416284829378126 0.3308039754629134 2.9154832176864147 1.6018874980509279 0.70273948833346345 0.30617500096559525 2.4681972414255142
leaf_count=2 5 4 1 20 6 3 1 8 2 15 11 5 4 9
internal_value=-5.20413e-10 0.00455377 -0.00114871 -0.020894 0.00862989 0.0181897 -0.0140412 0.0241858 0.0308164 0.0350416 -0.0411385 -0.02369 -0.000540125 0.0408591
internal_weight=17.9696 17.043 15.8938 4.88768 11.0061 8.83115 2.45429 2.03218 6.37686 6.04605 1.75203 2.17494 1.00891 5.38368
internal_count=96 91 87 29 58 43 14 9 29 27 12 15 9 24
is_linear=0
shrinkage=0.05


end of trees

feature_importances:
momentum_1d=15
volume_ratio_5_20=15
volatility_20d=10
momentum_3d=8
log_avg_amount_5d=6
volatility_5d=6
ma20_distance=4
momentum_5d=2
momentum_10d=1
ma5_distance=1
ma10_distance=1
pe=1

parameters:
[boosting: gbdt]
[objective: lambdarank]
[metric: ndcg]
[tree_learner: serial]
[device_type: cpu]
[data_sample_strategy: bagging]
[data: ]
[valid: ]
[num_iterations: 5]
[learning_rate: 0.05]
[num_leaves: 15]
[num_threads: 1]
[seed: 20260718]
[deterministic: 1]
[force_col_wise: 1]
[force_row_wise: 0]
[histogram_pool_size: -1]
[max_depth: -1]
[min_data_in_leaf: 2]
[min_sum_hessian_in_leaf: 0.001]
[bagging_fraction: 1]
[pos_bagging_fraction: 1]
[neg_bagging_fraction: 1]
[bagging_freq: 0]
[bagging_seed: 12114]
[bagging_by_query: 0]
[feature_fraction: 1]
[feature_fraction_bynode: 1]
[feature_fraction_seed: 17466]
[extra_trees: 0]
[extra_seed: 957]
[early_stopping_round: 0]
[early_stopping_min_delta: 0]
[first_metric_only: 0]
[max_delta_step: 0]
[lambda_l1: 0]
[lambda_l2: 1]
[linear_lambda: 0]
[min_gain_to_split: 0]
[drop_rate: 0.1]
[max_drop: 50]
[skip_drop: 0.5]
[xgboost_dart_mode: 0]
[uniform_drop: 0]
[drop_seed: 18706]
[top_rate: 0.2]
[other_rate: 0.1]
[min_data_per_group: 100]
[max_cat_threshold: 32]
[cat_l2: 10]
[cat_smooth: 10]
[max_cat_to_onehot: 4]
[top_k: 20]
[monotone_constraints: ]
[monotone_constraints_method: basic]
[monotone_penalty: 0]
[feature_contri: ]
[forcedsplits_filename: ]
[refit_decay_rate: 0.9]
[cegb_tradeoff: 1]
[cegb_penalty_split: 0]
[cegb_penalty_feature_lazy: ]
[cegb_penalty_feature_coupled: ]
[path_smooth: 0]
[interaction_constraints: ]
[verbosity: -1]
[saved_feature_importance_type: 0]
[use_quantized_grad: 0]
[num_grad_quant_bins: 4]
[quant_train_renew_leaf: 0]
[stochastic_rounding: 1]
[linear_tree: 0]
[max_bin: 255]
[max_bin_by_feature: ]
[min_data_in_bin: 3]
[bin_construct_sample_cnt: 200000]
[data_random_seed: 4426]
[is_enable_sparse: 1]
[enable_bundle: 1]
[use_missing: 1]
[zero_as_missing: 0]
[feature_pre_filter: 1]
[pre_partition: 0]
[two_round: 0]
[header: 0]
[label_column: ]
[weight_column: ]
[group_column: ]
[ignore_column: ]
[categorical_feature: ]
[forcedbins_filename: ]
[precise_float_parser: 0]
[parser_config_file: ]
[objective_seed: 19898]
[num_class: 1]
[is_unbalance: 0]
[scale_pos_weight: 1]
[sigmoid: 1]
[boost_from_average: 1]
[reg_sqrt: 0]
[alpha: 0.9]
[fair_c: 1]
[poisson_max_delta_step: 0.7]
[tweedie_variance_power: 1.5]
[lambdarank_truncation_level: 30]
[lambdarank_norm: 1]
[label_gain: 0,1,3,7,15]
[lambdarank_position_bias_regularization: 0]
[eval_at: 1,2,3,4,5]
[multi_error_top_k: 1]
[auc_mu_weights: ]
[num_machines: 1]
[local_listen_port: 12400]
[time_out: 120]
[machine_list_filename: ]
[machines: ]
[gpu_platform_id: -1]
[gpu_device_id: -1]
[gpu_use_dp: 0]
[num_gpu: 1]

end of parameters

pandas_categorical:null
